1 1 -1
2 2 -1
3 3 -1
4 4 -1
5 5 -1
6 6 0
7 7 -1
8 8 -1
9 9 -1
10 10 -1
11 11 -1
12 12 -1
13 13 0
14 14 -1
15 15 0
16 16 -1
17 17 -1
18 18 -1
19 19 0
20 20 -1
21 21 -1
22 22 -1
23 23 -1
24 24 -1
25 25 -1
26 26 -1
27 27 0
28 28 0
29 29 -1
30 30 -1
31 31 -1
32 32 -1
33 33 -1
34 34 -1
35 35 -1
36 36 -1
37 37 -1
38 38 -1
39 39 -1
40 40 -1
41 41 -1
42 42 -1
43 43 -1
44 44 -1
45 45 -1
46 46 -1
47 47 -1
48 48 -1
49 49 -1
50 50 -1
51 51 -1
52 52 -1
53 53 -1
54 54 0
55 55 0
56 56 -1
57 57 0
58 58 -1
59 59 0
60 60 -1
61 61 -1
62 62 -1
63 63 -1
64 64 -1
65 65 -1
66 66 -1
67 67 -1
68 68 -1
69 69 -1
70 70 -1
71 71 -1
72 72 -1
73 73 -1
74 74 -1
75 75 -1
76 76 -1
77 77 -1
78 78 -1
79 79 -1
80 80 -1
81 81 -1
82 82 -1
83 83 -1
84 84 -1
85 85 -1
86 86 -1
87 87 -1
88 88 -1
89 89 -1
90 90 -1
91 91 -1
92 92 -1
93 93 -1
94 94 -1
95 95 -1
96 96 -1
97 97 -1
98 98 -1
99 99 -1
100 100 -1
101 101 -1
102 102 -1
103 103 -1
104 104 0
105 105 -1
106 106 -1
107 107 -1
108 108 -1
109 109 -1
110 110 -1
111 111 -1
112 112 -1
113 113 -1
114 114 -1
115 115 0
116 116 -1
117 117 -1
118 118 0
119 119 -1
120 120 0
121 121 -1
122 122 -1
123 123 0
124 124 -1
125 125 -1
126 126 -1
127 127 -1
128 128 -1
129 129 -1
130 130 -1
131 131 -1
132 132 0
133 133 -1
134 134 -1
135 135 -1
136 136 -1
137 137 0
138 138 -1
139 139 -1
140 140 -1
141 141 -1
142 142 -1
143 143 -1
144 144 -1
145 145 -1
146 146 -1
147 147 0
148 148 -1
149 149 -1
150 150 -1
151 151 -1
152 152 -1
153 153 -1
154 154 -1
155 155 -1
156 156 -1
157 157 -1
158 158 -1
159 159 -1
160 160 -1
161 161 -1
162 162 -1
163 163 -1
164 164 -1
165 165 -1
166 166 -1
167 167 -1
168 168 0
169 169 -1
170 170 -1
171 171 -1
172 172 -1
173 173 -1
174 174 -1
175 175 -1
176 176 -1
177 177 -1
178 178 0
179 179 -1
180 180 -1
181 181 -1
182 182 -1
183 183 -1
184 184 0
185 185 -1
186 186 -1
187 187 -1
188 188 0
189 189 -1
190 190 0
191 191 -1
192 192 -1
193 193 -1
194 194 0
195 195 -1
196 196 -1
197 197 -1
198 198 -1
199 199 -1
200 200 -1
201 201 -1
202 202 0
203 203 -1
204 204 -1
205 205 -1
206 206 -1
207 207 -1
208 208 0
209 209 -1
210 210 -1
211 211 -1
212 212 -1
213 213 0
214 214 -1
215 215 -1
216 216 -1
217 217 -1
218 218 -1
219 219 -1
220 220 -1
221 221 -1
222 222 -1
223 223 -1
224 224 -1
225 225 -1
226 226 0
227 227 0
228 228 -1
229 229 0
230 230 -1
231 231 -1
232 232 -1
233 233 -1
234 234 -1
235 235 -1
236 236 -1
237 237 -1
238 238 0
239 239 -1
240 240 0
241 241 -1
242 242 -1
243 243 -1
244 244 -1
245 245 -1
246 246 -1
247 247 0
248 248 0
249 249 -1
250 250 -1
251 251 -1
252 252 -1
253 253 -1
254 254 -1
255 255 -1
256 256 -1
257 257 0
258 258 -1
259 259 -1
260 260 0
261 261 -1
262 262 -1
263 263 -1
264 264 -1
265 265 -1
266 266 0
267 267 0
268 268 -1
269 269 -1
270 270 -1
271 271 0
272 272 -1
273 273 -1
274 274 -1
275 275 0
276 276 -1
277 277 -1
278 278 -1
279 279 -1
280 280 -1
281 281 -1
282 282 -1
283 283 -1
284 284 -1
285 285 -1
286 286 -1
287 287 0
288 288 -1
289 289 -1
290 290 -1
291 291 -1
292 292 -1
293 293 -1
294 294 0
295 295 -1
296 296 -1
297 297 -1
298 298 -1
299 299 -1
300 300 -1
301 301 -1
302 302 -1
303 303 -1
304 304 -1
305 305 -1
306 306 0
307 307 0
308 308 -1
309 309 -1
310 310 -1
311 311 -1
312 312 -1
313 313 -1
314 314 -1
315 315 -1
316 316 -1
317 317 -1
318 318 -1
319 319 -1
320 320 -1
321 321 -1
322 322 0
323 323 -1
324 324 -1
325 325 -1
326 326 0
327 327 -1
328 328 -1
329 329 -1
330 330 -1
331 331 -1
332 332 -1
333 333 -1
334 334 0
335 335 -1
336 336 -1
337 337 -1
338 338 -1
339 339 -1
340 340 -1
341 341 -1
342 342 0
343 343 -1
344 344 -1
345 345 -1
346 346 -1
347 347 -1
348 348 -1
349 349 -1
350 350 -1
351 351 -1
352 352 0
353 353 -1
354 354 -1
355 355 -1
356 356 -1
357 357 -1
358 358 -1
359 359 0
360 360 -1
361 361 -1
362 362 -1
363 363 -1
364 364 0
365 365 -1
366 366 -1
367 367 0
368 368 -1
369 369 -1
370 370 -1
371 371 -1
372 372 0
373 373 -1
374 374 -1
375 375 -1
376 376 -1
377 377 -1
378 378 -1
379 379 -1
380 380 -1
381 381 -1
382 382 -1
383 383 -1
384 384 -1
385 385 0
386 386 -1
387 387 -1
388 388 -1
389 389 -1
390 390 -1
391 391 0
392 392 -1
393 393 0
394 394 0
395 395 -1
396 396 -1
397 397 -1
398 398 -1
399 399 -1
400 400 -1
401 401 -1
402 402 -1
403 403 -1
404 404 -1
405 405 -1
406 406 -1
407 407 -1
408 408 -1
409 409 -1
410 410 -1
411 411 -1
412 412 -1
413 413 -1
414 414 -1
415 415 -1
416 416 -1
417 417 -1
418 418 -1
419 419 -1
420 420 -1
421 421 0
422 422 -1
423 423 -1
424 424 -1
425 425 0
426 426 -1
427 427 -1
428 428 -1
429 429 -1
430 430 0
431 431 0
432 432 -1
433 433 -1
434 434 -1
435 435 -1
436 436 -1
437 437 -1
438 438 -1
439 439 -1
440 440 -1
441 441 -1
442 442 -1
443 443 -1
444 444 -1
445 445 -1
446 446 0
447 447 -1
448 448 -1
449 449 -1
450 450 -1
451 451 -1
452 452 -1
453 453 -1
454 454 0
455 455 0
456 456 -1
457 457 -1
458 458 -1
459 459 0
460 460 -1
461 461 -1
462 462 -1
463 463 -1
464 464 -1
465 465 -1
466 466 -1
467 467 0
468 468 -1
469 469 -1
470 470 -1
471 471 -1
472 472 -1
473 473 -1
474 474 -1
475 475 -1
476 476 -1
477 477 -1
478 478 -1
479 479 -1
480 480 -1
481 481 -1
482 482 0
483 483 -1
484 484 0
485 485 0
486 486 0
487 487 -1
488 488 -1
489 489 -1
490 490 0
491 491 -1
492 492 -1
493 493 -1
494 494 -1
495 495 0
496 496 -1
497 497 -1
498 498 -1
499 499 -1
500 500 -1
501 501 -1
502 502 -1
503 503 -1
504 504 -1
505 505 0
506 506 -1
507 507 -1
508 508 -1
509 509 -1
510 510 0
511 511 0
512 512 0
513 513 -1
514 514 0
515 515 0
516 516 -1
517 517 0
518 518 -1
519 519 -1
520 520 -1
521 521 -1
522 522 -1
523 523 -1
524 524 -1
525 525 -1
526 526 0
527 527 -1
528 528 -1
529 529 -1
530 530 -1
531 531 -1
532 532 -1
533 533 -1
534 534 -1
535 535 -1
536 536 -1
537 537 -1
538 538 -1
539 539 -1
540 540 0
541 541 -1
542 542 -1
543 543 -1
544 544 -1
545 545 0
546 546 -1
547 547 -1
548 548 -1
549 549 -1
550 550 -1
551 551 -1
552 552 -1
553 553 -1
554 554 -1
555 555 -1
556 556 -1
557 557 -1
558 558 -1
559 559 -1
560 560 -1
561 561 -1
562 562 -1
563 563 -1
564 564 0
565 565 -1
566 566 -1
567 567 -1
568 568 -1
569 569 -1
570 570 0
571 571 -1
572 572 -1
573 573 0
574 574 0
575 575 0
576 576 -1
577 577 -1
578 578 -1
579 579 -1
580 580 -1
581 581 -1
582 582 -1
583 583 -1
584 584 -1
585 585 -1
586 586 -1
587 587 0
588 588 -1
589 589 -1
590 590 -1
591 591 -1
592 592 0
593 593 -1
594 594 -1
595 595 -1
596 596 0
597 597 -1
598 598 -1
599 599 0
600 600 -1
1 5 1
1 6 1
1 7 -1
1 8 1
1 13 0
1 14 1
1 15 1
1 16 0
2 1 1
2 5 -1
2 6 0
2 7 -1
2 8 0
2 13 1
2 14 0
2 15 1
2 16 -1
3 5 1
3 6 0
3 7 1
3 8 0
4 3 -1
4 5 0
4 6 1
4 7 1
4 8 0
5 6 -1
5 29 1
6 30 0
7 8 0
7 31 1
8 32 1
9 5 1
9 6 -1
9 13 0
9 14 1
9 15 1
9 16 0
9 21 1
9 22 -1
9 23 0
9 24 1
9 127 1
9 128 1
10 5 1
10 6 1
10 9 0
10 13 1
10 14 1
10 15 1
10 16 -1
10 21 1
10 22 1
10 23 1
10 24 0
10 127 1
10 128 1
11 5 1
11 6 -1
11 13 0
11 14 1
11 15 0
11 16 1
11 127 1
11 128 1
12 5 1
12 6 1
12 11 1
12 13 1
12 14 1
12 15 0
12 16 0
12 127 1
12 128 1
13 14 0
13 37 -1
14 38 -1
15 16 1
15 39 0
16 40 0
17 13 0
17 14 1
17 21 1
17 22 0
17 23 1
17 24 0
17 135 1
17 136 1
17 149 1
17 150 1
17 151 1
17 152 1
18 13 1
18 14 0
18 17 1
18 21 0
18 22 0
18 23 1
18 24 -1
18 135 1
18 136 1
18 149 0
18 150 0
18 151 1
18 152 1
19 13 0
19 14 0
19 21 0
19 22 1
19 23 1
19 24 -1
19 125 0
19 126 1
19 127 1
19 128 1
19 135 0
19 136 1
20 13 1
20 14 1
20 19 1
20 21 1
20 22 0
20 23 1
20 24 1
20 125 1
20 126 1
20 127 1
20 128 0
20 135 1
20 136 -1
21 22 -1
21 45 1
22 46 1
23 24 1
23 47 1
24 48 1
25 23 0
25 24 1
25 29 0
25 30 1
25 31 0
25 32 1
25 37 1
25 38 1
25 39 1
25 40 0
26 23 0
26 24 1
26 25 -1
26 29 0
26 30 1
26 31 1
26 32 0
26 37 0
26 38 1
26 39 1
26 40 1
27 13 0
27 14 0
27 15 0
27 16 0
27 23 0
27 24 -1
27 29 1
27 30 1
27 31 1
27 32 0
28 13 0
28 14 1
28 15 1
28 16 0
28 23 1
28 24 0
28 27 -1
28 29 0
28 30 0
28 31 -1
28 32 1
29 30 1
29 53 1
30 54 1
31 32 -1
31 55 1
32 56 1
33 29 1
33 30 1
33 37 1
33 38 1
33 39 1
33 40 1
33 45 0
33 46 1
33 47 1
33 48 1
33 151 -1
33 152 1
34 29 1
34 30 -1
34 33 1
34 37 1
34 38 0
34 39 0
34 40 -1
34 45 -1
34 46 1
34 47 0
34 48 1
34 151 1
34 152 1
35 21 0
35 22 1
35 23 0
35 24 1
35 29 1
35 30 1
35 37 1
35 38 0
35 39 0
35 40 1
35 151 0
35 152 0
36 21 0
36 22 1
36 23 1
36 24 0
36 29 1
36 30 1
36 35 0
36 37 1
36 38 0
36 39 1
36 40 1
36 151 0
36 152 -1
37 38 1
37 61 1
38 62 1
39 40 0
39 63 1
40 64 0
41 37 1
41 38 1
41 45 1
41 46 1
41 47 0
41 48 1
41 159 -1
41 160 1
41 173 1
41 174 1
41 175 1
41 176 1
42 37 1
42 38 0
42 41 -1
42 45 0
42 46 1
42 47 0
42 48 0
42 159 1
42 160 0
42 173 1
42 174 1
42 175 -1
42 176 1
43 37 1
43 38 1
43 45 -1
43 46 -1
43 47 1
43 48 1
43 149 -1
43 150 0
43 151 0
43 152 0
43 159 1
43 160 1
44 37 1
44 38 1
44 43 -1
44 45 0
44 46 -1
44 47 0
44 48 0
44 149 1
44 150 0
44 151 1
44 152 1
44 159 1
44 160 0
45 46 1
45 69 0
46 70 -1
47 48 0
47 71 1
48 72 0
49 47 0
49 48 0
49 53 1
49 54 0
49 55 1
49 56 1
49 61 1
49 62 1
49 63 1
49 64 0
50 47 1
50 48 1
50 49 1
50 53 0
50 54 1
50 55 1
50 56 0
50 61 0
50 62 -1
50 63 1
50 64 0
51 37 1
51 38 1
51 39 1
51 40 1
51 47 0
51 48 1
51 53 1
51 54 0
51 55 1
51 56 1
52 37 0
52 38 1
52 39 1
52 40 1
52 47 1
52 48 1
52 51 1
52 53 0
52 54 0
52 55 0
52 56 1
53 54 1
53 77 1
54 78 0
55 56 1
55 79 1
56 80 0
57 53 -1
57 54 1
57 61 0
57 62 1
57 63 1
57 64 1
57 69 0
57 70 0
57 71 0
57 72 1
57 175 -1
57 176 0
58 53 0
58 54 1
58 57 1
58 61 1
58 62 1
58 63 0
58 64 0
58 69 0
58 70 0
58 71 -1
58 72 1
58 175 1
58 176 -1
59 45 1
59 46 0
59 47 1
59 48 -1
59 53 0
59 54 1
59 61 0
59 62 0
59 63 0
59 64 1
59 175 1
59 176 1
60 45 0
60 46 1
60 47 1
60 48 -1
60 53 0
60 54 0
60 59 1
60 61 0
60 62 0
60 63 -1
60 64 0
60 175 1
60 176 1
61 62 -1
61 85 1
62 86 1
63 64 1
63 87 1
64 88 0
65 61 -1
65 62 0
65 69 1
65 70 0
65 71 0
65 72 0
65 183 -1
65 184 1
65 197 0
65 198 -1
65 199 1
65 200 1
66 61 1
66 62 0
66 65 1
66 69 1
66 70 1
66 71 1
66 72 1
66 183 1
66 184 1
66 197 -1
66 198 1
66 199 1
66 200 0
67 61 -1
67 62 1
67 69 1
67 70 -1
67 71 -1
67 72 1
67 173 1
67 174 1
67 175 1
67 176 0
67 183 0
67 184 0
68 61 1
68 62 1
68 67 0
68 69 0
68 70 0
68 71 0
68 72 1
68 173 1
68 174 -1
68 175 0
68 176 1
68 183 1
68 184 1
69 70 0
69 93 -1
70 94 1
71 72 1
71 95 0
72 96 1
73 71 1
73 72 1
73 77 0
73 78 1
73 79 1
73 80 1
73 85 1
73 86 0
73 87 1
73 88 -1
74 71 1
74 72 0
74 73 1
74 77 1
74 78 1
74 79 1
74 80 1
74 85 1
74 86 1
74 87 1
74 88 1
75 61 -1
75 62 1
75 63 1
75 64 1
75 71 1
75 72 0
75 77 1
75 78 1
75 79 1
75 80 1
76 61 -1
76 62 1
76 63 1
76 64 1
76 71 1
76 72 0
76 75 0
76 77 -1
76 78 0
76 79 1
76 80 1
77 78 1
77 101 1
78 102 -1
79 80 1
79 103 0
80 104 1
81 77 1
81 78 1
81 85 1
81 86 0
81 87 1
81 88 0
81 93 1
81 94 1
81 95 1
81 96 0
81 199 1
81 200 0
82 77 1
82 78 0
82 81 1
82 85 -1
82 86 1
82 87 0
82 88 1
82 93 1
82 94 1
82 95 1
82 96 0
82 199 0
82 200 1
83 69 0
83 70 1
83 71 0
83 72 0
83 77 1
83 78 1
83 85 -1
83 86 1
83 87 1
83 88 1
83 199 1
83 200 -1
84 69 0
84 70 1
84 71 0
84 72 1
84 77 1
84 78 1
84 83 0
84 85 1
84 86 -1
84 87 1
84 88 1
84 199 1
84 200 0
85 86 0
85 109 0
86 110 1
87 88 -1
87 111 -1
88 112 1
89 85 0
89 86 0
89 93 -1
89 94 0
89 95 0
89 96 0
89 207 1
89 208 -1
89 221 1
89 222 0
89 223 1
89 224 0
90 85 0
90 86 0
90 89 -1
90 93 0
90 94 1
90 95 0
90 96 0
90 207 1
90 208 0
90 221 1
90 222 1
90 223 1
90 224 0
91 85 0
91 86 1
91 93 0
91 94 1
91 95 0
91 96 1
91 197 1
91 198 1
91 199 1
91 200 1
91 207 1
91 208 -1
92 85 0
92 86 -1
92 91 1
92 93 1
92 94 0
92 95 0
92 96 1
92 197 1
92 198 1
92 199 1
92 200 1
92 207 1
92 208 1
93 94 1
93 117 0
94 118 0
95 96 1
95 119 -1
96 120 1
97 95 0
97 96 -1
97 101 1
97 102 -1
97 103 0
97 104 1
97 109 0
97 110 1
97 111 0
97 112 0
98 95 1
98 96 -1
98 97 1
98 101 0
98 102 0
98 103 1
98 104 -1
98 109 0
98 110 0
98 111 1
98 112 1
99 85 1
99 86 0
99 87 0
99 88 1
99 95 1
99 96 0
99 101 1
99 102 1
99 103 1
99 104 0
100 85 0
100 86 0
100 87 -1
100 88 0
100 95 0
100 96 1
100 99 0
100 101 1
100 102 1
100 103 1
100 104 1
101 102 1
103 104 1
105 101 0
105 102 1
105 109 0
105 110 1
105 111 -1
105 112 0
105 117 1
105 118 1
105 119 0
105 120 1
105 223 1
105 224 1
106 101 1
106 102 -1
106 105 1
106 109 1
106 110 0
106 111 1
106 112 1
106 117 1
106 118 -1
106 119 1
106 120 -1
106 223 0
106 224 1
107 93 0
107 94 0
107 95 1
107 96 1
107 101 1
107 102 1
107 109 0
107 110 0
107 111 -1
107 112 0
107 223 1
107 224 -1
108 93 1
108 94 1
108 95 -1
108 96 0
108 101 -1
108 102 0
108 107 0
108 109 -1
108 110 1
108 111 1
108 112 0
108 223 1
108 224 0
109 110 0
111 112 1
113 109 1
113 110 0
113 117 0
113 118 -1
113 119 1
113 120 1
113 231 1
113 232 0
114 109 0
114 110 -1
114 113 0
114 117 0
114 118 1
114 119 0
114 120 1
114 231 0
114 232 1
115 109 1
115 110 1
115 117 1
115 118 -1
115 119 1
115 120 0
115 221 0
115 222 0
115 223 1
115 224 -1
115 231 0
115 232 0
116 109 -1
116 110 1
116 115 1
116 117 1
116 118 0
116 119 0
116 120 0
116 221 0
116 222 1
116 223 1
116 224 1
116 231 -1
116 232 1
117 118 0
119 120 1
121 1 0
121 125 0
121 126 -1
121 127 1
121 128 0
121 133 1
121 134 1
121 135 1
121 136 1
122 2 1
122 121 1
122 125 0
122 126 0
122 127 1
122 128 0
122 133 0
122 134 0
122 135 0
122 136 -1
123 3 1
123 125 0
123 126 1
123 127 0
123 128 1
124 4 0
124 123 1
124 125 0
124 126 1
124 127 1
124 128 0
125 126 1
125 149 1
126 150 1
127 128 1
127 151 0
128 152 0
129 9 0
129 125 1
129 126 1
129 133 0
129 134 0
129 135 1
129 136 1
129 141 1
129 142 1
129 143 1
129 144 1
129 247 -1
129 248 0
130 10 0
130 125 1
130 126 0
130 129 -1
130 133 1
130 134 1
130 135 1
130 136 1
130 141 0
130 142 1
130 143 1
130 144 0
130 247 -1
130 248 1
131 11 0
131 125 0
131 126 0
131 133 -1
131 134 1
131 135 1
131 136 1
131 247 1
131 248 1
132 12 0
132 125 1
132 126 0
132 131 1
132 133 0
132 134 1
132 135 1
132 136 1
132 247 0
132 248 1
133 134 1
133 157 1
134 158 0
135 136 1
135 159 0
136 160 0
137 17 0
137 133 0
137 134 1
137 141 1
137 142 0
137 143 0
137 144 0
137 255 0
137 256 1
137 269 0
137 270 1
137 271 1
137 272 1
138 18 1
138 133 1
138 134 0
138 137 0
138 141 -1
138 142 0
138 143 1
138 144 0
138 255 0
138 256 0
138 269 -1
138 270 0
138 271 1
138 272 -1
139 19 1
139 133 -1
139 134 0
139 141 1
139 142 -1
139 143 0
139 144 0
139 245 0
139 246 1
139 247 1
139 248 1
139 255 -1
139 256 1
140 20 0
140 133 1
140 134 0
140 139 0
140 141 1
140 142 0
140 143 1
140 144 1
140 245 1
140 246 1
140 247 1
140 248 1
140 255 -1
140 256 -1
141 142 1
141 165 1
142 166 1
143 144 -1
143 167 1
144 168 -1
145 21 1
145 22 0
145 25 1
145 143 1
145 144 1
145 149 0
145 150 1
145 151 1
145 152 1
145 157 0
145 158 -1
145 159 1
145 160 1
146 21 0
146 22 1
146 26 -1
146 143 1
146 144 1
146 145 -1
146 149 1
146 150 1
146 151 1
146 152 1
146 157 1
146 158 0
146 159 1
146 160 -1
147 21 -1
147 22 1
147 27 0
147 133 0
147 134 0
147 135 -1
147 136 0
147 143 0
147 144 1
147 149 -1
147 150 1
147 151 0
147 152 1
148 21 0
148 22 1
148 28 1
148 133 1
148 134 0
148 135 1
148 136 1
148 143 0
148 144 0
148 147 1
148 149 -1
148 150 0
148 151 1
148 152 0
149 150 1
149 173 0
150 174 -1
151 152 0
151 175 0
152 176 -1
153 33 0
153 149 1
153 150 1
153 157 1
153 158 1
153 159 1
153 160 1
153 165 1
153 166 -1
153 167 1
153 168 0
153 271 1
153 272 1
154 34 1
154 149 0
154 150 0
154 153 1
154 157 0
154 158 -1
154 159 1
154 160 -1
154 165 0
154 166 0
154 167 0
154 168 1
154 271 1
154 272 0
155 35 1
155 141 0
155 142 0
155 143 0
155 144 0
155 149 1
155 150 1
155 157 1
155 158 1
155 159 0
155 160 0
155 271 0
155 272 1
156 36 1
156 141 0
156 142 -1
156 143 0
156 144 -1
156 149 1
156 150 1
156 155 0
156 157 1
156 158 0
156 159 1
156 160 1
156 271 0
156 272 1
157 158 0
157 181 1
158 182 0
159 160 1
159 183 0
160 184 0
161 41 0
161 157 1
161 158 0
161 165 1
161 166 0
161 167 1
161 168 0
161 279 0
161 280 0
161 293 0
161 294 1
161 295 -1
161 296 -1
162 42 1
162 157 -1
162 158 0
162 161 0
162 165 0
162 166 1
162 167 1
162 168 1
162 279 0
162 280 1
162 293 0
162 294 1
162 295 0
162 296 1
163 43 1
163 157 1
163 158 1
163 165 1
163 166 1
163 167 1
163 168 -1
163 269 1
163 270 1
163 271 1
163 272 1
163 279 0
163 280 1
164 44 0
164 157 1
164 158 1
164 163 0
164 165 1
164 166 0
164 167 1
164 168 1
164 269 1
164 270 1
164 271 1
164 272 1
164 279 1
164 280 1
165 166 0
165 189 1
166 190 1
167 168 1
167 191 1
168 192 1
169 45 1
169 46 -1
169 49 0
169 167 1
169 168 0
169 173 1
169 174 1
169 175 1
169 176 -1
169 181 1
169 182 0
169 183 1
169 184 0
170 45 0
170 46 1
170 50 0
170 167 0
170 168 1
170 169 0
170 173 0
170 174 1
170 175 1
170 176 1
170 181 0
170 182 0
170 183 0
170 184 1
171 45 1
171 46 0
171 51 0
171 157 1
171 158 0
171 159 1
171 160 1
171 167 1
171 168 0
171 173 1
171 174 0
171 175 1
171 176 1
172 45 1
172 46 1
172 52 -1
172 157 1
172 158 1
172 159 1
172 160 1
172 167 1
172 168 0
172 171 0
172 173 1
172 174 0
172 175 1
172 176 -1
173 174 0
173 197 0
174 198 1
175 176 1
175 199 0
176 200 1
177 57 1
177 173 1
177 174 0
177 181 0
177 182 0
177 183 1
177 184 -1
177 189 -1
177 190 1
177 191 0
177 192 -1
177 295 1
177 296 1
178 58 0
178 173 1
178 174 0
178 177 1
178 181 1
178 182 -1
178 183 1
178 184 -1
178 189 -1
178 190 0
178 191 0
178 192 1
178 295 1
178 296 0
179 59 1
179 165 1
179 166 1
179 167 1
179 168 0
179 173 1
179 174 1
179 181 0
179 182 1
179 183 1
179 184 0
179 295 1
179 296 1
180 60 0
180 165 1
180 166 1
180 167 1
180 168 -1
180 173 0
180 174 0
180 179 1
180 181 0
180 182 0
180 183 1
180 184 -1
180 295 1
180 296 1
181 182 0
181 205 1
182 206 0
183 184 0
183 207 1
184 208 0
185 65 1
185 181 1
185 182 1
185 189 1
185 190 1
185 191 1
185 192 1
185 303 1
185 304 1
185 317 1
185 318 1
185 319 1
185 320 1
186 66 1
186 181 0
186 182 -1
186 185 1
186 189 1
186 190 -1
186 191 1
186 192 1
186 303 1
186 304 1
186 317 1
186 318 0
186 319 1
186 320 0
187 67 1
187 181 0
187 182 0
187 189 1
187 190 -1
187 191 1
187 192 0
187 293 1
187 294 1
187 295 0
187 296 1
187 303 1
187 304 1
188 68 1
188 181 1
188 182 -1
188 187 1
188 189 1
188 190 0
188 191 0
188 192 0
188 293 1
188 294 1
188 295 1
188 296 1
188 303 0
188 304 1
189 190 -1
189 213 1
190 214 1
191 192 0
191 215 -1
192 216 0
193 69 0
193 70 0
193 73 1
193 191 1
193 192 1
193 197 1
193 198 1
193 199 0
193 200 1
193 205 0
193 206 1
193 207 0
193 208 0
194 69 1
194 70 0
194 74 1
194 191 1
194 192 0
194 193 1
194 197 1
194 198 0
194 199 1
194 200 1
194 205 1
194 206 1
194 207 0
194 208 0
195 69 -1
195 70 1
195 75 1
195 181 1
195 182 0
195 183 0
195 184 0
195 191 1
195 192 1
195 197 0
195 198 1
195 199 -1
195 200 1
196 69 1
196 70 1
196 76 1
196 181 0
196 182 0
196 183 0
196 184 1
196 191 0
196 192 1
196 195 1
196 197 1
196 198 1
196 199 1
196 200 -1
197 198 1
197 221 1
198 222 1
199 200 -1
199 223 -1
200 224 0
201 81 1
201 197 0
201 198 0
201 205 -1
201 206 0
201 207 0
201 208 -1
201 213 1
201 214 0
201 215 1
201 216 0
201 319 0
201 320 0
202 82 0
202 197 0
202 198 0
202 201 0
202 205 0
202 206 1
202 207 1
202 208 0
202 213 0
202 214 0
202 215 1
202 216 1
202 319 1
202 320 -1
203 83 1
203 189 0
203 190 1
203 191 0
203 192 1
203 197 -1
203 198 0
203 205 0
203 206 1
203 207 0
203 208 0
203 319 0
203 320 0
204 84 -1
204 189 1
204 190 1
204 191 1
204 192 1
204 197 1
204 198 1
204 203 1
204 205 1
204 206 1
204 207 0
204 208 1
204 319 1
204 320 1
205 206 0
205 229 1
206 230 1
207 208 0
207 231 1
208 232 1
209 89 1
209 205 1
209 206 0
209 213 1
209 214 1
209 215 -1
209 216 1
209 327 1
209 328 0
209 341 1
209 342 0
209 343 1
209 344 1
210 90 1
210 205 1
210 206 1
210 209 0
210 213 -1
210 214 -1
210 215 0
210 216 0
210 327 1
210 328 1
210 341 1
210 342 1
210 343 0
210 344 1
211 91 0
211 205 -1
211 206 0
211 213 0
211 214 -1
211 215 -1
211 216 1
211 317 1
211 318 1
211 319 -1
211 320 1
211 327 -1
211 328 -1
212 92 1
212 205 1
212 206 0
212 211 0
212 213 1
212 214 -1
212 215 0
212 216 0
212 317 1
212 318 1
212 319 1
212 320 0
212 327 1
212 328 0
213 214 0
213 237 0
214 238 1
215 216 1
215 239 1
216 240 1
217 93 1
217 94 1
217 97 1
217 215 1
217 216 0
217 221 1
217 222 0
217 223 1
217 224 0
217 229 1
217 230 1
217 231 1
217 232 0
218 93 1
218 94 0
218 98 1
218 215 1
218 216 1
218 217 0
218 221 0
218 222 1
218 223 0
218 224 1
218 229 0
218 230 1
218 231 1
218 232 0
219 93 1
219 94 0
219 99 0
219 205 1
219 206 1
219 207 1
219 208 1
219 215 0
219 216 0
219 221 0
219 222 -1
219 223 1
219 224 0
220 93 1
220 94 0
220 100 0
220 205 1
220 206 1
220 207 0
220 208 1
220 215 0
220 216 1
220 219 0
220 221 0
220 222 1
220 223 -1
220 224 -1
221 222 1
223 224 0
225 105 1
225 221 0
225 222 1
225 229 0
225 230 0
225 231 1
225 232 1
225 237 1
225 238 1
225 239 1
225 240 1
225 343 1
225 344 0
226 106 1
226 221 -1
226 222 0
226 225 0
226 229 0
226 230 1
226 231 1
226 232 1
226 237 1
226 238 1
226 239 -1
226 240 0
226 343 1
226 344 1
227 107 0
227 213 1
227 214 1
227 215 0
227 216 0
227 221 0
227 222 1
227 229 0
227 230 0
227 231 1
227 232 0
227 343 1
227 344 0
228 108 1
228 213 1
228 214 1
228 215 1
228 216 1
228 221 1
228 222 0
228 227 1
228 229 0
228 230 1
228 231 1
228 232 -1
228 343 0
228 344 -1
229 230 0
231 232 0
233 113 1
233 229 1
233 230 0
233 237 -1
233 238 0
233 239 0
233 240 1
233 351 1
233 352 0
234 114 -1
234 229 0
234 230 0
234 233 0
234 237 0
234 238 1
234 239 0
234 240 0
234 351 1
234 352 1
235 115 1
235 229 1
235 230 1
235 237 1
235 238 1
235 239 1
235 240 1
235 341 0
235 342 0
235 343 1
235 344 1
235 351 1
235 352 0
236 116 0
236 229 1
236 230 0
236 235 1
236 237 0
236 238 1
236 239 0
236 240 0
236 341 1
236 342 0
236 343 1
236 344 1
236 351 0
236 352 0
237 238 0
239 240 1
241 121 0
241 245 0
241 246 1
241 247 0
241 248 1
241 253 0
241 254 1
241 255 1
241 256 1
242 122 0
242 241 -1
242 245 1
242 246 0
242 247 1
242 248 1
242 253 0
242 254 0
242 255 0
242 256 1
243 123 1
243 245 0
243 246 1
243 247 1
243 248 1
244 124 1
244 243 1
244 245 0
244 246 1
244 247 1
244 248 0
245 246 0
245 269 0
246 270 -1
247 248 1
247 271 0
248 272 1
249 129 1
249 245 1
249 246 0
249 253 1
249 254 1
249 255 1
249 256 0
249 261 1
249 262 1
249 263 1
249 264 1
249 367 0
249 368 1
250 130 1
250 245 1
250 246 1
250 249 1
250 253 1
250 254 1
250 255 0
250 256 0
250 261 1
250 262 0
250 263 1
250 264 0
250 367 -1
250 368 0
251 131 1
251 245 1
251 246 0
251 253 -1
251 254 0
251 255 1
251 256 1
251 367 1
251 368 0
252 132 0
252 245 1
252 246 1
252 251 1
252 253 0
252 254 -1
252 255 0
252 256 -1
252 367 1
252 368 1
253 254 0
253 277 1
254 278 -1
255 256 1
255 279 0
256 280 0
257 137 1
257 253 0
257 254 0
257 261 0
257 262 0
257 263 1
257 264 1
257 375 1
257 376 1
257 389 1
257 390 1
257 391 1
257 392 1
258 138 0
258 253 1
258 254 0
258 257 0
258 261 1
258 262 0
258 263 1
258 264 1
258 375 0
258 376 0
258 389 0
258 390 1
258 391 1
258 392 -1
259 139 -1
259 253 1
259 254 -1
259 261 1
259 262 1
259 263 0
259 264 1
259 365 1
259 366 1
259 367 1
259 368 0
259 375 1
259 376 -1
260 140 0
260 253 1
260 254 1
260 259 0
260 261 0
260 262 1
260 263 0
260 264 1
260 365 -1
260 366 0
260 367 1
260 368 1
260 375 1
260 376 1
261 262 0
261 285 1
262 286 1
263 264 1
263 287 1
264 288 1
265 141 1
265 142 1
265 145 1
265 263 1
265 264 1
265 269 0
265 270 0
265 271 0
265 272 1
265 277 0
265 278 0
265 279 1
265 280 1
266 141 -1
266 142 0
266 146 1
266 263 0
266 264 1
266 265 1
266 269 0
266 270 -1
266 271 0
266 272 1
266 277 1
266 278 1
266 279 0
266 280 0
267 141 1
267 142 -1
267 147 1
267 253 1
267 254 1
267 255 0
267 256 -1
267 263 0
267 264 0
267 269 0
267 270 0
267 271 1
267 272 1
268 141 1
268 142 1
268 148 1
268 253 1
268 254 1
268 255 0
268 256 1
268 263 1
268 264 1
268 267 1
268 269 0
268 270 1
268 271 1
268 272 0
269 270 1
269 293 0
270 294 1
271 272 0
271 295 -1
272 296 0
273 153 -1
273 269 1
273 270 0
273 277 0
273 278 -1
273 279 1
273 280 1
273 285 1
273 286 0
273 287 0
273 288 0
273 391 1
273 392 1
274 154 0
274 269 1
274 270 0
274 273 0
274 277 1
274 278 0
274 279 1
274 280 1
274 285 1
274 286 -1
274 287 1
274 288 1
274 391 0
274 392 1
275 155 1
275 261 1
275 262 1
275 263 1
275 264 0
275 269 1
275 270 1
275 277 1
275 278 0
275 279 0
275 280 -1
275 391 0
275 392 -1
276 156 1
276 261 0
276 262 1
276 263 1
276 264 1
276 269 1
276 270 1
276 275 0
276 277 1
276 278 -1
276 279 1
276 280 1
276 391 0
276 392 1
277 278 0
277 301 1
278 302 1
279 280 0
279 303 1
280 304 0
281 161 0
281 277 0
281 278 0
281 285 1
281 286 1
281 287 -1
281 288 1
281 399 0
281 400 1
281 413 0
281 414 0
281 415 1
281 416 1
282 162 -1
282 277 0
282 278 0
282 281 1
282 285 0
282 286 1
282 287 0
282 288 1
282 399 -1
282 400 1
282 413 1
282 414 0
282 415 1
282 416 1
283 163 0
283 277 0
283 278 0
283 285 1
283 286 1
283 287 1
283 288 0
283 389 0
283 390 1
283 391 0
283 392 0
283 399 1
283 400 1
284 164 0
284 277 0
284 278 0
284 283 0
284 285 1
284 286 1
284 287 1
284 288 0
284 389 0
284 390 1
284 391 1
284 392 1
284 399 0
284 400 1
285 286 1
285 309 0
286 310 1
287 288 1
287 311 0
288 312 1
289 165 0
289 166 -1
289 169 1
289 287 0
289 288 0
289 293 1
289 294 1
289 295 1
289 296 -1
289 301 1
289 302 0
289 303 0
289 304 1
290 165 0
290 166 1
290 170 0
290 287 1
290 288 0
290 289 1
290 293 0
290 294 1
290 295 1
290 296 1
290 301 1
290 302 0
290 303 1
290 304 1
291 165 1
291 166 1
291 171 1
291 277 0
291 278 -1
291 279 1
291 280 1
291 287 0
291 288 0
291 293 1
291 294 1
291 295 0
291 296 -1
292 165 0
292 166 -1
292 172 1
292 277 0
292 278 1
292 279 1
292 280 1
292 287 0
292 288 1
292 291 0
292 293 0
292 294 1
292 295 -1
292 296 1
293 294 -1
293 317 1
294 318 1
295 296 1
295 319 1
296 320 1
297 177 0
297 293 0
297 294 1
297 301 1
297 302 0
297 303 1
297 304 0
297 309 1
297 310 0
297 311 1
297 312 1
297 415 0
297 416 1
298 178 1
298 293 1
298 294 0
298 297 1
298 301 1
298 302 1
298 303 1
298 304 1
298 309 1
298 310 1
298 311 1
298 312 0
298 415 1
298 416 0
299 179 0
299 285 1
299 286 1
299 287 0
299 288 -1
299 293 1
299 294 1
299 301 0
299 302 0
299 303 1
299 304 1
299 415 0
299 416 0
300 180 0
300 285 1
300 286 1
300 287 1
300 288 1
300 293 1
300 294 1
300 299 0
300 301 1
300 302 1
300 303 1
300 304 0
300 415 1
300 416 0
301 302 -1
301 325 0
302 326 1
303 304 1
303 327 1
304 328 1
305 185 0
305 301 0
305 302 0
305 309 0
305 310 0
305 311 0
305 312 0
305 423 1
305 424 0
305 437 -1
305 438 1
305 439 1
305 440 1
306 186 1
306 301 1
306 302 1
306 305 -1
306 309 0
306 310 0
306 311 1
306 312 0
306 423 1
306 424 1
306 437 1
306 438 1
306 439 1
306 440 0
307 187 0
307 301 0
307 302 1
307 309 -1
307 310 1
307 311 1
307 312 0
307 413 0
307 414 1
307 415 0
307 416 1
307 423 0
307 424 1
308 188 1
308 301 1
308 302 1
308 307 1
308 309 1
308 310 -1
308 311 0
308 312 -1
308 413 0
308 414 1
308 415 -1
308 416 1
308 423 1
308 424 0
309 310 1
309 333 1
310 334 0
311 312 1
311 335 0
312 336 1
313 189 1
313 190 1
313 193 1
313 311 0
313 312 0
313 317 0
313 318 1
313 319 1
313 320 0
313 325 1
313 326 1
313 327 0
313 328 0
314 189 -1
314 190 1
314 194 0
314 311 1
314 312 0
314 313 0
314 317 1
314 318 -1
314 319 1
314 320 0
314 325 0
314 326 -1
314 327 0
314 328 0
315 189 1
315 190 0
315 195 1
315 301 1
315 302 1
315 303 1
315 304 -1
315 311 1
315 312 0
315 317 0
315 318 0
315 319 0
315 320 -1
316 189 0
316 190 1
316 196 -1
316 301 0
316 302 0
316 303 1
316 304 1
316 311 0
316 312 1
316 315 0
316 317 0
316 318 -1
316 319 1
316 320 1
317 318 0
317 341 0
318 342 0
319 320 -1
319 343 0
320 344 1
321 201 0
321 317 1
321 318 1
321 325 1
321 326 1
321 327 0
321 328 1
321 333 1
321 334 1
321 335 0
321 336 1
321 439 1
321 440 1
322 202 0
322 317 0
322 318 1
322 321 1
322 325 1
322 326 1
322 327 1
322 328 1
322 333 -1
322 334 1
322 335 -1
322 336 0
322 439 1
322 440 1
323 203 1
323 309 0
323 310 0
323 311 1
323 312 1
323 317 0
323 318 0
323 325 1
323 326 0
323 327 0
323 328 0
323 439 0
323 440 1
324 204 0
324 309 0
324 310 1
324 311 0
324 312 1
324 317 1
324 318 0
324 323 1
324 325 1
324 326 -1
324 327 0
324 328 1
324 439 1
324 440 0
325 326 0
325 349 1
326 350 -1
327 328 1
327 351 1
328 352 -1
329 209 0
329 325 1
329 326 1
329 333 0
329 334 1
329 335 1
329 336 0
329 447 0
329 448 -1
329 461 0
329 462 1
329 463 0
329 464 1
330 210 1
330 325 1
330 326 -1
330 329 1
330 333 1
330 334 0
330 335 -1
330 336 0
330 447 -1
330 448 0
330 461 1
330 462 1
330 463 1
330 464 1
331 211 1
331 325 1
331 326 1
331 333 0
331 334 1
331 335 1
331 336 1
331 437 0
331 438 0
331 439 0
331 440 1
331 447 0
331 448 1
332 212 0
332 325 1
332 326 0
332 331 1
332 333 0
332 334 0
332 335 0
332 336 0
332 437 -1
332 438 1
332 439 1
332 440 0
332 447 1
332 448 1
333 334 1
333 357 1
334 358 1
335 336 1
335 359 0
336 360 1
337 213 0
337 214 0
337 217 1
337 335 0
337 336 0
337 341 0
337 342 1
337 343 1
337 344 1
337 349 1
337 350 0
337 351 1
337 352 0
338 213 0
338 214 1
338 218 0
338 335 0
338 336 1
338 337 1
338 341 0
338 342 0
338 343 1
338 344 -1
338 349 0
338 350 1
338 351 -1
338 352 1
339 213 1
339 214 0
339 219 1
339 325 1
339 326 1
339 327 -1
339 328 1
339 335 1
339 336 0
339 341 -1
339 342 0
339 343 1
339 344 0
340 213 1
340 214 -1
340 220 0
340 325 1
340 326 1
340 327 1
340 328 0
340 335 -1
340 336 1
340 339 -1
340 341 0
340 342 -1
340 343 0
340 344 0
341 342 1
343 344 0
345 225 1
345 341 0
345 342 1
345 349 0
345 350 -1
345 351 1
345 352 1
345 357 0
345 358 0
345 359 0
345 360 1
345 463 1
345 464 0
346 226 0
346 341 -1
346 342 0
346 345 1
346 349 1
346 350 1
346 351 0
346 352 1
346 357 1
346 358 1
346 359 -1
346 360 1
346 463 0
346 464 0
347 227 1
347 333 0
347 334 0
347 335 0
347 336 0
347 341 0
347 342 1
347 349 1
347 350 -1
347 351 0
347 352 1
347 463 1
347 464 1
348 228 1
348 333 1
348 334 0
348 335 1
348 336 0
348 341 1
348 342 1
348 347 -1
348 349 1
348 350 1
348 351 1
348 352 0
348 463 0
348 464 1
349 350 1
351 352 1
353 233 1
353 349 0
353 350 0
353 357 1
353 358 1
353 359 1
353 360 0
353 471 1
353 472 1
354 234 1
354 349 1
354 350 1
354 353 0
354 357 1
354 358 0
354 359 -1
354 360 0
354 471 1
354 472 0
355 235 1
355 349 0
355 350 0
355 357 1
355 358 1
355 359 0
355 360 0
355 461 1
355 462 -1
355 463 -1
355 464 -1
355 471 -1
355 472 1
356 236 -1
356 349 0
356 350 1
356 355 1
356 357 -1
356 358 0
356 359 0
356 360 1
356 461 1
356 462 0
356 463 0
356 464 0
356 471 0
356 472 1
357 358 -1
359 360 1
361 241 1
361 365 1
361 366 0
361 367 0
361 368 1
361 373 1
361 374 1
361 375 -1
361 376 0
362 242 1
362 361 0
362 365 1
362 366 0
362 367 0
362 368 1
362 373 0
362 374 1
362 375 1
362 376 1
363 243 1
363 365 -1
363 366 0
363 367 1
363 368 1
364 244 0
364 363 1
364 365 0
364 366 1
364 367 0
364 368 0
365 366 0
365 389 -1
366 390 0
367 368 1
367 391 0
368 392 1
369 249 1
369 365 1
369 366 1
369 373 1
369 374 1
369 375 0
369 376 1
369 381 0
369 382 1
369 383 1
369 384 1
369 487 0
369 488 1
370 250 1
370 365 0
370 366 1
370 369 0
370 373 1
370 374 1
370 375 0
370 376 0
370 381 -1
370 382 0
370 383 1
370 384 1
370 487 0
370 488 0
371 251 0
371 365 1
371 366 0
371 373 -1
371 374 1
371 375 -1
371 376 1
371 487 0
371 488 1
372 252 0
372 365 1
372 366 1
372 371 0
372 373 0
372 374 1
372 375 1
372 376 -1
372 487 1
372 488 1
373 374 1
373 397 1
374 398 1
375 376 -1
375 399 -1
376 400 1
377 257 1
377 373 0
377 374 1
377 381 1
377 382 1
377 383 0
377 384 1
377 495 -1
377 496 0
377 509 1
377 510 1
377 511 0
377 512 0
378 258 1
378 373 0
378 374 0
378 377 1
378 381 1
378 382 0
378 383 0
378 384 -1
378 495 1
378 496 0
378 509 0
378 510 1
378 511 1
378 512 1
379 259 -1
379 373 1
379 374 1
379 381 0
379 382 1
379 383 0
379 384 1
379 485 1
379 486 1
379 487 -1
379 488 1
379 495 1
379 496 1
380 260 1
380 373 1
380 374 1
380 379 0
380 381 -1
380 382 1
380 383 0
380 384 0
380 485 0
380 486 0
380 487 0
380 488 -1
380 495 1
380 496 1
381 382 0
381 405 -1
382 406 1
383 384 1
383 407 0
384 408 0
385 261 1
385 262 -1
385 265 1
385 383 0
385 384 1
385 389 0
385 390 -1
385 391 1
385 392 0
385 397 0
385 398 1
385 399 1
385 400 1
386 261 0
386 262 1
386 266 1
386 383 1
386 384 0
386 385 1
386 389 0
386 390 1
386 391 1
386 392 0
386 397 1
386 398 1
386 399 0
386 400 1
387 261 0
387 262 1
387 267 1
387 373 1
387 374 1
387 375 0
387 376 1
387 383 1
387 384 -1
387 389 1
387 390 0
387 391 1
387 392 0
388 261 1
388 262 0
388 268 0
388 373 -1
388 374 1
388 375 1
388 376 -1
388 383 0
388 384 1
388 387 -1
388 389 -1
388 390 1
388 391 1
388 392 1
389 390 1
389 413 1
390 414 1
391 392 -1
391 415 1
392 416 1
393 273 0
393 389 1
393 390 1
393 397 1
393 398 1
393 399 1
393 400 1
393 405 1
393 406 -1
393 407 1
393 408 1
393 511 1
393 512 1
394 274 1
394 389 -1
394 390 0
394 393 0
394 397 1
394 398 1
394 399 -1
394 400 0
394 405 0
394 406 0
394 407 0
394 408 0
394 511 1
394 512 0
395 275 1
395 381 1
395 382 1
395 383 0
395 384 1
395 389 1
395 390 0
395 397 0
395 398 1
395 399 1
395 400 1
395 511 1
395 512 -1
396 276 1
396 381 0
396 382 1
396 383 0
396 384 1
396 389 0
396 390 1
396 395 0
396 397 1
396 398 0
396 399 0
396 400 0
396 511 1
396 512 -1
397 398 1
397 421 0
398 422 1
399 400 0
399 423 1
400 424 1
401 281 1
401 397 0
401 398 1
401 405 0
401 406 1
401 407 0
401 408 -1
401 519 1
401 520 0
401 533 1
401 534 1
401 535 1
401 536 0
402 282 1
402 397 1
402 398 1
402 401 0
402 405 0
402 406 1
402 407 1
402 408 1
402 519 -1
402 520 1
402 533 1
402 534 0
402 535 0
402 536 1
403 283 0
403 397 -1
403 398 -1
403 405 -1
403 406 -1
403 407 1
403 408 0
403 509 1
403 510 1
403 511 1
403 512 1
403 519 1
403 520 1
404 284 1
404 397 1
404 398 1
404 403 1
404 405 0
404 406 1
404 407 1
404 408 1
404 509 1
404 510 1
404 511 1
404 512 1
404 519 0
404 520 1
405 406 -1
405 429 1
406 430 1
407 408 1
407 431 0
408 432 -1
409 285 0
409 286 0
409 289 1
409 407 1
409 408 1
409 413 1
409 414 0
409 415 1
409 416 1
409 421 0
409 422 1
409 423 0
409 424 1
410 285 1
410 286 1
410 290 0
410 407 1
410 408 1
410 409 1
410 413 1
410 414 1
410 415 1
410 416 -1
410 421 1
410 422 1
410 423 1
410 424 1
411 285 1
411 286 1
411 291 -1
411 397 -1
411 398 1
411 399 0
411 400 0
411 407 0
411 408 0
411 413 1
411 414 1
411 415 -1
411 416 1
412 285 0
412 286 1
412 292 0
412 397 0
412 398 1
412 399 -1
412 400 1
412 407 1
412 408 1
412 411 1
412 413 -1
412 414 1
412 415 1
412 416 1
413 414 1
413 437 -1
414 438 1
415 416 1
415 439 0
416 440 1
417 297 0
417 413 0
417 414 0
417 421 1
417 422 0
417 423 1
417 424 0
417 429 0
417 430 1
417 431 0
417 432 1
417 535 1
417 536 0
418 298 -1
418 413 1
418 414 1
418 417 0
418 421 1
418 422 1
418 423 1
418 424 0
418 429 0
418 430 1
418 431 1
418 432 1
418 535 0
418 536 1
419 299 1
419 405 0
419 406 1
419 407 0
419 408 0
419 413 1
419 414 0
419 421 1
419 422 0
419 423 0
419 424 1
419 535 1
419 536 0
420 300 1
420 405 1
420 406 0
420 407 0
420 408 -1
420 413 -1
420 414 0
420 419 0
420 421 0
420 422 1
420 423 1
420 424 1
420 535 1
420 536 1
421 422 0
421 445 1
422 446 1
423 424 0
423 447 0
424 448 0
425 305 0
425 421 0
425 422 0
425 429 0
425 430 1
425 431 1
425 432 1
425 543 1
425 544 0
425 557 0
425 558 1
425 559 1
425 560 1
426 306 0
426 421 1
426 422 0
426 425 1
426 429 0
426 430 1
426 431 0
426 432 -1
426 543 1
426 544 -1
426 557 1
426 558 0
426 559 1
426 560 -1
427 307 1
427 421 1
427 422 1
427 429 -1
427 430 1
427 431 0
427 432 1
427 533 1
427 534 1
427 535 0
427 536 1
427 543 0
427 544 1
428 308 1
428 421 1
428 422 -1
428 427 -1
428 429 1
428 430 0
428 431 1
428 432 -1
428 533 0
428 534 1
428 535 0
428 536 0
428 543 1
428 544 1
429 430 0
429 453 1
430 454 1
431 432 1
431 455 1
432 456 0
433 309 1
433 310 1
433 313 0
433 431 1
433 432 0
433 437 1
433 438 -1
433 439 1
433 440 1
433 445 1
433 446 0
433 447 0
433 448 0
434 309 1
434 310 -1
434 314 1
434 431 1
434 432 0
434 433 1
434 437 1
434 438 0
434 439 -1
434 440 1
434 445 1
434 446 1
434 447 1
434 448 1
435 309 0
435 310 0
435 315 0
435 421 0
435 422 -1
435 423 0
435 424 1
435 431 -1
435 432 0
435 437 0
435 438 1
435 439 0
435 440 1
436 309 0
436 310 1
436 316 -1
436 421 -1
436 422 0
436 423 1
436 424 0
436 431 0
436 432 0
436 435 1
436 437 1
436 438 1
436 439 1
436 440 1
437 438 1
437 461 1
438 462 1
439 440 1
439 463 1
440 464 0
441 321 0
441 437 1
441 438 0
441 445 -1
441 446 0
441 447 1
441 448 0
441 453 1
441 454 1
441 455 0
441 456 1
441 559 0
441 560 1
442 322 1
442 437 0
442 438 0
442 441 1
442 445 0
442 446 1
442 447 1
442 448 1
442 453 0
442 454 1
442 455 0
442 456 1
442 559 -1
442 560 0
443 323 1
443 429 1
443 430 0
443 431 1
443 432 1
443 437 0
443 438 0
443 445 1
443 446 -1
443 447 0
443 448 1
443 559 1
443 560 1
444 324 1
444 429 1
444 430 0
444 431 -1
444 432 1
444 437 0
444 438 1
444 443 1
444 445 -1
444 446 1
444 447 -1
444 448 1
444 559 0
444 560 1
445 446 1
445 469 0
446 470 1
447 448 1
447 471 -1
448 472 0
449 329 1
449 445 0
449 446 0
449 453 1
449 454 0
449 455 0
449 456 1
449 567 1
449 568 1
449 581 0
449 582 1
449 583 0
449 584 -1
450 330 1
450 445 1
450 446 1
450 449 0
450 453 -1
450 454 0
450 455 1
450 456 0
450 567 1
450 568 0
450 581 1
450 582 1
450 583 1
450 584 1
451 331 1
451 445 0
451 446 1
451 453 -1
451 454 0
451 455 0
451 456 0
451 557 1
451 558 0
451 559 1
451 560 1
451 567 1
451 568 -1
452 332 0
452 445 1
452 446 1
452 451 0
452 453 1
452 454 1
452 455 1
452 456 1
452 557 -1
452 558 0
452 559 0
452 560 0
452 567 0
452 568 0
453 454 -1
453 477 0
454 478 -1
455 456 1
455 479 1
456 480 1
457 333 1
457 334 0
457 337 1
457 455 -1
457 456 1
457 461 1
457 462 1
457 463 1
457 464 1
457 469 1
457 470 1
457 471 1
457 472 0
458 333 1
458 334 0
458 338 0
458 455 0
458 456 1
458 457 1
458 461 -1
458 462 -1
458 463 1
458 464 0
458 469 1
458 470 1
458 471 1
458 472 0
459 333 1
459 334 1
459 339 1
459 445 0
459 446 1
459 447 1
459 448 0
459 455 1
459 456 0
459 461 0
459 462 1
459 463 0
459 464 -1
460 333 1
460 334 0
460 340 1
460 445 1
460 446 0
460 447 1
460 448 1
460 455 -1
460 456 0
460 459 -1
460 461 1
460 462 0
460 463 1
460 464 1
461 462 1
463 464 1
465 345 1
465 461 1
465 462 1
465 469 0
465 470 1
465 471 1
465 472 0
465 477 0
465 478 -1
465 479 1
465 480 1
465 583 1
465 584 0
466 346 0
466 461 0
466 462 1
466 465 1
466 469 0
466 470 1
466 471 1
466 472 0
466 477 1
466 478 1
466 479 0
466 480 0
466 583 1
466 584 1
467 347 0
467 453 -1
467 454 -1
467 455 1
467 456 1
467 461 1
467 462 0
467 469 0
467 470 0
467 471 0
467 472 0
467 583 1
467 584 0
468 348 1
468 453 1
468 454 1
468 455 0
468 456 0
468 461 1
468 462 0
468 467 1
468 469 1
468 470 0
468 471 1
468 472 1
468 583 1
468 584 1
469 470 1
471 472 1
473 353 0
473 469 1
473 470 0
473 477 0
473 478 -1
473 479 1
473 480 -1
473 591 0
473 592 1
474 354 0
474 469 1
474 470 1
474 473 1
474 477 0
474 478 1
474 479 0
474 480 1
474 591 1
474 592 1
475 355 1
475 469 1
475 470 -1
475 477 0
475 478 1
475 479 0
475 480 0
475 581 1
475 582 1
475 583 1
475 584 -1
475 591 1
475 592 1
476 356 0
476 469 1
476 470 0
476 475 -1
476 477 0
476 478 1
476 479 1
476 480 1
476 581 0
476 582 -1
476 583 1
476 584 0
476 591 0
476 592 0
477 478 0
479 480 1
481 361 1
481 485 0
481 486 1
481 487 1
481 488 1
481 493 1
481 494 -1
481 495 1
481 496 1
482 362 -1
482 481 1
482 485 1
482 486 1
482 487 0
482 488 1
482 493 0
482 494 1
482 495 0
482 496 1
483 363 1
483 485 1
483 486 1
483 487 0
483 488 0
484 364 0
484 483 1
484 485 1
484 486 1
484 487 0
484 488 -1
485 486 -1
485 509 0
486 510 0
487 488 1
487 511 1
488 512 0
489 369 0
489 485 1
489 486 0
489 493 0
489 494 1
489 495 1
489 496 1
489 501 1
489 502 1
489 503 0
489 504 1
490 370 0
490 485 1
490 486 0
490 489 1
490 493 -1
490 494 1
490 495 1
490 496 0
490 501 1
490 502 1
490 503 1
490 504 1
491 371 1
491 485 1
491 486 1
491 493 0
491 494 0
491 495 1
491 496 0
492 372 0
492 485 1
492 486 1
492 491 -1
492 493 0
492 494 1
492 495 1
492 496 0
493 494 -1
493 517 1
494 518 -1
495 496 1
495 519 1
496 520 1
497 377 1
497 493 1
497 494 1
497 501 -1
497 502 -1
497 503 0
497 504 0
498 378 1
498 493 1
498 494 1
498 497 1
498 501 1
498 502 0
498 503 0
498 504 0
499 379 1
499 493 0
499 494 1
499 501 0
499 502 1
499 503 1
499 504 -1
500 380 -1
500 493 0
500 494 1
500 499 1
500 501 -1
500 502 1
500 503 1
500 504 1
501 502 1
501 525 0
502 526 0
503 504 1
503 527 1
504 528 1
505 381 1
505 382 1
505 385 1
505 503 0
505 504 1
505 509 0
505 510 0
505 511 1
505 512 1
505 517 0
505 518 1
505 519 1
505 520 1
506 381 0
506 382 0
506 386 0
506 503 1
506 504 0
506 505 1
506 509 1
506 510 1
506 511 0
506 512 1
506 517 0
506 518 0
506 519 0
506 520 1
507 381 1
507 382 0
507 387 0
507 493 1
507 494 0
507 495 1
507 496 1
507 503 0
507 504 1
507 509 0
507 510 1
507 511 1
507 512 1
508 381 1
508 382 0
508 388 1
508 493 -1
508 494 1
508 495 1
508 496 1
508 503 1
508 504 1
508 507 0
508 509 1
508 510 1
508 511 1
508 512 1
509 510 1
509 533 0
510 534 1
511 512 -1
511 535 0
512 536 0
513 393 1
513 509 0
513 510 1
513 517 0
513 518 0
513 519 1
513 520 1
513 525 0
513 526 1
513 527 0
513 528 0
514 394 1
514 509 -1
514 510 1
514 513 1
514 517 1
514 518 1
514 519 1
514 520 1
514 525 0
514 526 -1
514 527 1
514 528 1
515 395 1
515 501 1
515 502 -1
515 503 -1
515 504 0
515 509 0
515 510 -1
515 517 0
515 518 1
515 519 1
515 520 1
516 396 0
516 501 -1
516 502 1
516 503 1
516 504 1
516 509 1
516 510 1
516 515 1
516 517 0
516 518 1
516 519 0
516 520 0
517 518 1
517 541 0
518 542 0
519 520 0
519 543 0
520 544 0
521 401 1
521 517 1
521 518 0
521 525 -1
521 526 0
521 527 1
521 528 1
522 402 -1
522 517 0
522 518 1
522 521 -1
522 525 0
522 526 0
522 527 1
522 528 0
523 403 0
523 517 0
523 518 0
523 525 1
523 526 0
523 527 -1
523 528 0
524 404 0
524 517 1
524 518 -1
524 523 1
524 525 1
524 526 1
524 527 1
524 528 0
525 526 -1
525 549 0
526 550 1
527 528 1
527 551 1
528 552 0
529 405 0
529 406 1
529 409 0
529 527 -1
529 528 1
529 533 0
529 534 0
529 535 1
529 536 1
529 541 0
529 542 1
529 543 -1
529 544 1
530 405 1
530 406 1
530 410 1
530 527 1
530 528 1
530 529 0
530 533 1
530 534 1
530 535 1
530 536 1
530 541 -1
530 542 1
530 543 1
530 544 0
531 405 1
531 406 0
531 411 1
531 517 1
531 518 1
531 519 0
531 520 -1
531 527 0
531 528 1
531 533 1
531 534 1
531 535 1
531 536 1
532 405 -1
532 406 1
532 412 1
532 517 1
532 518 0
532 519 1
532 520 1
532 527 0
532 528 1
532 531 1
532 533 0
532 534 1
532 535 1
532 536 1
533 534 1
533 557 1
534 558 1
535 536 0
535 559 -1
536 560 1
537 417 1
537 533 0
537 534 0
537 541 1
537 542 1
537 543 1
537 544 1
537 549 1
537 550 0
537 551 0
537 552 0
538 418 0
538 533 0
538 534 1
538 537 1
538 541 1
538 542 1
538 543 0
538 544 0
538 549 -1
538 550 1
538 551 -1
538 552 1
539 419 1
539 525 1
539 526 0
539 527 0
539 528 -1
539 533 0
539 534 1
539 541 1
539 542 0
539 543 0
539 544 1
540 420 0
540 525 1
540 526 0
540 527 0
540 528 1
540 533 1
540 534 1
540 539 0
540 541 1
540 542 -1
540 543 0
540 544 1
541 542 -1
541 565 1
542 566 0
543 544 0
543 567 -1
544 568 1
545 425 1
545 541 -1
545 542 0
545 549 1
545 550 0
545 551 0
545 552 -1
546 426 1
546 541 1
546 542 -1
546 545 0
546 549 1
546 550 1
546 551 -1
546 552 1
547 427 0
547 541 1
547 542 1
547 549 1
547 550 0
547 551 0
547 552 0
548 428 1
548 541 -1
548 542 0
548 547 1
548 549 0
548 550 1
548 551 -1
548 552 -1
549 550 0
549 573 0
550 574 1
551 552 0
551 575 1
552 576 0
553 429 0
553 430 1
553 433 0
553 551 1
553 552 0
553 557 1
553 558 1
553 559 1
553 560 1
553 565 1
553 566 1
553 567 0
553 568 1
554 429 -1
554 430 1
554 434 1
554 551 -1
554 552 0
554 553 -1
554 557 1
554 558 1
554 559 1
554 560 1
554 565 1
554 566 0
554 567 1
554 568 1
555 429 1
555 430 1
555 435 1
555 541 1
555 542 1
555 543 1
555 544 1
555 551 1
555 552 0
555 557 -1
555 558 1
555 559 1
555 560 1
556 429 0
556 430 -1
556 436 0
556 541 0
556 542 1
556 543 1
556 544 1
556 551 1
556 552 0
556 555 1
556 557 0
556 558 -1
556 559 -1
556 560 1
557 558 0
557 581 0
558 582 -1
559 560 1
559 583 0
560 584 0
561 441 1
561 557 0
561 558 1
561 565 1
561 566 1
561 567 1
561 568 1
561 573 1
561 574 0
561 575 0
561 576 1
562 442 -1
562 557 1
562 558 0
562 561 1
562 565 0
562 566 0
562 567 0
562 568 -1
562 573 -1
562 574 0
562 575 0
562 576 0
563 443 1
563 549 1
563 550 1
563 551 1
563 552 -1
563 557 1
563 558 1
563 565 1
563 566 0
563 567 0
563 568 0
564 444 -1
564 549 1
564 550 0
564 551 1
564 552 0
564 557 -1
564 558 1
564 563 1
564 565 1
564 566 1
564 567 1
564 568 1
565 566 0
565 589 1
566 590 1
567 568 -1
567 591 1
568 592 1
569 449 0
569 565 -1
569 566 0
569 573 0
569 574 1
569 575 1
569 576 0
570 450 0
570 565 0
570 566 1
570 569 0
570 573 0
570 574 -1
570 575 1
570 576 0
571 451 1
571 565 1
571 566 1
571 573 -1
571 574 -1
571 575 1
571 576 0
572 452 1
572 565 1
572 566 1
572 571 1
572 573 0
572 574 1
572 575 0
572 576 1
573 574 1
573 597 0
574 598 1
575 576 1
575 599 1
576 600 1
577 453 1
577 454 -1
577 457 -1
577 575 1
577 576 0
577 581 0
577 582 1
577 583 0
577 584 1
577 589 1
577 590 0
577 591 1
577 592 0
578 453 1
578 454 1
578 458 1
578 575 0
578 576 0
578 577 1
578 581 0
578 582 0
578 583 1
578 584 0
578 589 1
578 590 1
578 591 0
578 592 1
579 453 1
579 454 1
579 459 1
579 565 1
579 566 0
579 567 0
579 568 0
579 575 1
579 576 1
579 581 1
579 582 0
579 583 1
579 584 0
580 453 0
580 454 1
580 460 1
580 565 1
580 566 1
580 567 0
580 568 -1
580 575 0
580 576 0
580 579 1
580 581 0
580 582 1
580 583 1
580 584 0
581 582 1
583 584 0
585 465 1
585 581 1
585 582 0
585 589 1
585 590 -1
585 591 1
585 592 1
585 597 0
585 598 1
585 599 1
585 600 1
586 466 0
586 581 -1
586 582 0
586 585 1
586 589 1
586 590 0
586 591 0
586 592 0
586 597 0
586 598 0
586 599 1
586 600 0
587 467 0
587 573 1
587 574 0
587 575 1
587 576 1
587 581 1
587 582 1
587 589 1
587 590 1
587 591 1
587 592 0
588 468 1
588 573 1
588 574 0
588 575 1
588 576 -1
588 581 0
588 582 1
588 587 1
588 589 1
588 590 0
588 591 0
588 592 -1
589 590 0
591 592 -1
593 473 1
593 589 1
593 590 1
593 597 1
593 598 0
593 599 0
593 600 0
594 474 0
594 589 0
594 590 1
594 593 1
594 597 1
594 598 0
594 599 1
594 600 1
595 475 1
595 589 1
595 590 0
595 597 -1
595 598 1
595 599 1
595 600 1
596 476 0
596 589 0
596 590 0
596 595 0
596 597 0
596 598 1
596 599 0
596 600 0
597 598 1
599 600 1
