1 1 1.0
2 2 -0.75
3 3 -1.0
4 4 0.75
5 5 0.75
6 6 0.75
7 7 -1.0
8 8 1.0
9 9 -0.5
10 10 1.0
11 11 -0.25
12 12 -0.75
13 13 0.5
14 14 1.0
15 15 0.25
16 16 -1.0
17 17 -1.0
18 18 -0.75
19 19 -0.5
20 20 0.25
21 21 -0.5
22 22 1.0
23 23 -1.0
24 24 -0.75
25 25 0.0
26 26 0.5
27 27 0.5
28 28 0.5
29 29 -0.75
30 30 -0.25
31 31 -0.75
32 32 -0.25
33 33 0.25
34 34 1.0
35 35 -1.0
36 36 1.0
37 37 0.5
38 38 -0.75
39 39 0.25
40 40 -0.5
41 41 0.25
42 42 0.0
43 43 -0.25
44 44 -0.75
45 45 -0.5
46 46 -0.75
47 47 0.75
48 48 0.0
49 49 -0.5
50 50 1.0
51 51 -0.75
52 52 -1.0
53 53 0.25
54 54 -0.5
55 55 0.0
56 56 0.5
57 57 -0.75
58 58 -0.5
59 59 -0.25
60 60 0.0
61 61 -0.25
62 62 0.25
63 63 0.0
64 64 0.0
65 65 0.25
66 66 0.5
67 67 0.5
68 68 1.0
69 69 0.25
70 70 0.75
71 71 0.5
72 72 0.25
73 73 0.75
74 74 -1.0
75 75 0.5
76 76 -0.5
77 77 0.25
78 78 1.0
79 79 1.0
80 80 0.25
81 81 -0.5
82 82 -0.25
83 83 -0.25
84 84 -0.75
85 85 -0.25
86 86 -0.25
87 87 -0.5
88 88 1.0
89 89 0.0
90 90 1.0
91 91 0.5
92 92 -0.25
93 93 -1.0
94 94 -0.5
95 95 0.5
96 96 0.25
97 97 0.5
98 98 -0.75
99 99 -1.0
100 100 0.0
101 101 -0.25
102 102 -0.75
103 103 0.75
104 104 0.75
105 105 0.0
106 106 0.25
107 107 0.75
108 108 -0.75
109 109 0.25
110 110 -0.5
111 111 0.0
112 112 0.5
113 113 0.25
114 114 -1.0
115 115 -0.5
116 116 1.0
117 117 -0.25
118 118 0.75
119 119 0.75
120 120 -0.5
121 121 0.75
122 122 -0.25
123 123 0.25
124 124 -0.75
125 125 0.75
126 126 0.0
127 127 1.0
128 128 -1.0
129 129 -0.25
130 130 -1.0
131 131 0.25
132 132 -1.0
133 133 0.5
134 134 -0.75
135 135 -0.75
136 136 0.0
137 137 0.75
138 138 0.5
139 139 0.25
140 140 0.75
141 141 0.5
142 142 0.0
143 143 0.5
144 144 -0.75
145 145 -0.5
146 146 -1.0
147 147 -1.0
148 148 0.25
149 149 -0.75
150 150 -0.25
151 151 0.75
152 152 1.0
153 153 -1.0
154 154 1.0
155 155 0.75
156 156 0.75
157 157 -0.5
158 158 1.0
159 159 -1.0
160 160 1.0
161 161 -0.5
162 162 0.75
163 163 -0.25
164 164 -0.75
165 165 -0.5
166 166 0.5
167 167 0.5
168 168 -0.5
169 169 1.0
170 170 0.25
171 171 -0.75
172 172 0.75
173 173 1.0
174 174 1.0
175 175 -1.0
176 176 0.25
177 177 0.5
178 178 -1.0
179 179 0.25
180 180 0.25
181 181 0.5
182 182 0.75
183 183 -0.5
184 184 -0.25
185 185 0.5
186 186 0.0
187 187 -0.25
188 188 0.25
189 189 0.75
190 190 0.5
191 191 0.0
192 192 -0.75
193 193 0.5
194 194 0.25
195 195 0.0
196 196 0.75
197 197 -0.75
198 198 -0.5
199 199 1.0
200 200 0.5
201 201 1.0
202 202 -1.0
203 203 -1.0
204 204 1.0
205 205 0.25
206 206 0.75
207 207 0.25
208 208 0.25
209 209 0.5
210 210 1.0
211 211 0.75
212 212 0.25
213 213 0.0
214 214 -0.25
215 215 0.75
216 216 0.5
217 217 -0.5
218 218 0.0
219 219 1.0
220 220 -1.0
221 221 0.5
222 222 -1.0
223 223 -0.75
224 224 -0.25
225 225 -0.25
226 226 0.25
227 227 -0.75
228 228 -0.75
229 229 0.0
230 230 0.5
231 231 0.5
232 232 0.75
233 233 -0.25
234 234 1.0
235 235 -0.75
236 236 0.25
237 237 1.0
238 238 -0.5
239 239 -1.0
240 240 -1.0
241 241 0.75
242 242 0.0
243 243 -0.5
244 244 0.0
245 245 -1.0
246 246 0.0
247 247 1.0
248 248 0.75
249 249 -0.25
250 250 -1.0
251 251 0.75
252 252 0.0
253 253 0.25
254 254 0.5
255 255 0.25
256 256 -0.25
257 257 1.0
258 258 0.5
259 259 -0.75
260 260 -0.5
261 261 -1.0
262 262 0.5
263 263 0.5
264 264 1.0
265 265 1.0
266 266 -0.75
267 267 0.75
268 268 0.25
269 269 0.0
270 270 0.5
271 271 0.25
272 272 0.0
273 273 1.0
274 274 0.5
275 275 1.0
276 276 0.0
277 277 -0.25
278 278 0.75
279 279 -0.25
280 280 0.25
281 281 -1.0
282 282 -1.0
283 283 -0.5
284 284 -0.5
285 285 0.0
286 286 -0.5
287 287 0.5
288 288 1.0
289 289 0.25
290 290 -0.25
291 291 -0.5
292 292 -0.25
293 293 -1.0
294 294 0.25
295 295 0.75
296 296 1.0
297 297 -0.25
298 298 0.0
299 299 -1.0
300 300 -0.25
301 301 1.0
302 302 -1.0
303 303 -1.0
304 304 0.25
305 305 -0.75
306 306 -1.0
307 307 1.0
308 308 -0.25
309 309 0.5
310 310 0.5
311 311 -1.0
312 312 0.5
313 313 -1.0
314 314 -0.5
315 315 -1.0
316 316 1.0
317 317 0.75
318 318 1.0
319 319 -0.5
320 320 -0.75
321 321 0.75
322 322 0.25
323 323 0.75
324 324 1.0
325 325 0.25
326 326 0.5
327 327 0.25
328 328 1.0
329 329 0.75
330 330 -0.75
331 331 -0.75
332 332 -0.5
333 333 -0.25
334 334 0.75
335 335 -0.75
336 336 -1.0
337 337 0.5
338 338 0.0
339 339 -1.0
340 340 -0.25
341 341 0.75
342 342 0.5
343 343 -0.25
344 344 -0.25
345 345 1.0
346 346 0.0
347 347 -0.5
348 348 0.75
349 349 -0.75
350 350 0.75
351 351 -1.0
352 352 -0.75
353 353 0.0
354 354 -1.0
355 355 0.75
356 356 -0.25
357 357 -1.0
358 358 0.75
359 359 -0.75
360 360 0.0
361 361 -0.5
362 362 1.0
363 363 -0.25
364 364 1.0
365 365 0.5
366 366 -0.75
367 367 0.0
368 368 1.0
369 369 0.0
370 370 -1.0
371 371 0.25
372 372 -1.0
373 373 0.0
374 374 0.75
375 375 0.75
376 376 -0.75
377 377 0.75
378 378 0.25
379 379 0.5
380 380 0.25
381 381 0.25
382 382 0.0
383 383 1.0
384 384 0.25
385 385 1.0
386 386 1.0
387 387 1.0
388 388 -1.0
389 389 0.0
390 390 0.0
391 391 0.0
392 392 0.0
393 393 -1.0
394 394 -0.75
395 395 0.0
396 396 -0.25
397 397 0.0
398 398 0.75
399 399 0.5
400 400 0.25
401 401 0.0
402 402 -0.5
403 403 -0.5
404 404 -1.0
405 405 1.0
406 406 0.75
407 407 0.75
408 408 1.0
409 409 0.5
410 410 -0.5
411 411 -0.5
412 412 0.5
413 413 -1.0
414 414 1.0
415 415 0.75
416 416 0.25
417 417 -0.25
418 418 -1.0
419 419 0.5
420 420 0.0
421 421 0.25
422 422 0.0
423 423 -0.25
424 424 -0.25
425 425 0.5
426 426 0.75
427 427 -0.75
428 428 -1.0
429 429 0.0
430 430 -0.75
431 431 -0.75
432 432 0.0
433 433 0.75
434 434 -0.75
435 435 -1.0
436 436 -1.0
437 437 0.75
438 438 -0.25
439 439 1.0
440 440 -0.75
441 441 -1.0
442 442 0.25
443 443 0.0
444 444 -0.5
445 445 -1.0
446 446 -0.25
447 447 -1.0
448 448 0.75
449 449 -0.5
450 450 1.0
451 451 -0.25
452 452 0.75
453 453 1.0
454 454 0.0
455 455 1.0
456 456 0.5
457 457 0.5
458 458 0.75
459 459 0.25
460 460 -0.25
461 461 0.75
462 462 -1.0
463 463 -0.25
464 464 1.0
465 465 -0.5
466 466 1.0
467 467 0.0
468 468 0.25
469 469 -1.0
470 470 -0.25
471 471 0.75
472 472 0.25
473 473 -1.0
474 474 -0.5
475 475 -0.75
476 476 0.0
477 477 -0.75
478 478 0.5
479 479 0.25
480 480 0.75
481 481 1.0
482 482 -1.0
483 483 -0.25
484 484 0.0
485 485 0.75
486 486 0.75
487 487 -1.0
488 488 -0.25
489 489 -0.75
490 490 0.75
491 491 0.75
492 492 -0.25
493 493 -0.75
494 494 -0.25
495 495 -0.5
496 496 0.25
497 497 0.25
498 498 0.5
499 499 -1.0
500 500 0.0
501 501 0.75
502 502 -0.25
503 503 -1.0
504 504 -1.0
505 505 -0.75
506 506 0.0
507 507 0.5
508 508 -1.0
509 509 -0.25
510 510 0.75
511 511 0.5
512 512 -1.0
513 513 -0.75
514 514 -0.25
515 515 0.25
516 516 0.0
517 517 -1.0
518 518 0.25
519 519 1.0
520 520 -0.75
521 521 -0.25
522 522 0.75
523 523 0.75
524 524 0.0
525 525 0.5
526 526 0.75
527 527 0.25
528 528 0.75
529 529 -0.5
530 530 0.0
531 531 -0.5
532 532 0.0
533 533 0.5
534 534 0.75
535 535 -1.0
536 536 -0.5
537 537 -0.75
538 538 -0.75
539 539 0.25
540 540 0.0
541 541 -0.25
542 542 0.5
543 543 -0.75
544 544 -0.5
545 545 0.5
546 546 1.0
547 547 0.25
548 548 0.75
549 549 -0.5
550 550 0.0
551 551 -0.75
552 552 -1.0
553 553 -0.25
554 554 -0.25
555 555 -0.25
556 556 -0.25
557 557 0.25
558 558 -1.0
559 559 -1.0
560 560 -1.0
561 561 0.0
562 562 -0.5
563 563 -0.25
564 564 -0.5
565 565 0.25
566 566 -0.75
567 567 -1.0
568 568 0.0
569 569 0.25
570 570 -0.25
571 571 0.25
572 572 -1.0
573 573 -1.0
574 574 -0.25
575 575 1.0
576 576 1.0
1 2 -0.25
1 5 -0.25
1 289 -0.25
1 297 1.0
1 305 0.75
1 313 0.25
1 321 -0.25
1 329 1.0
1 337 -1.0
1 345 -0.25
2 3 0.5
2 5 -0.75
2 6 -0.25
2 353 -0.5
2 361 1.0
2 369 -0.75
2 377 -0.25
2 385 0.25
2 393 1.0
2 401 0.25
2 409 0.75
3 4 -0.75
3 6 -0.5
3 7 -0.75
3 417 0.5
3 425 -0.25
3 433 -0.75
3 441 1.0
3 449 0.5
3 457 0.0
3 465 -0.5
3 473 -1.0
4 7 0.5
4 8 -0.5
4 481 -1.0
4 489 -0.25
4 497 1.0
4 505 -0.25
4 513 -0.25
4 521 -0.5
4 529 -0.5
4 537 0.5
5 6 0.25
5 321 -0.75
5 329 -1.0
5 337 -0.5
5 345 1.0
5 353 -1.0
5 361 -0.75
5 369 -0.25
5 377 -0.5
6 7 1.0
6 385 -0.5
6 393 0.75
6 401 0.25
6 409 0.75
6 417 -1.0
6 425 -0.25
6 433 0.5
6 441 -0.5
7 8 1.0
7 449 0.0
7 457 -0.75
7 465 0.5
7 473 0.0
7 481 -0.75
7 489 -0.25
7 497 -1.0
7 505 -1.0
8 513 -0.5
8 521 0.5
8 529 0.5
8 537 0.25
8 545 -1.0
8 553 -0.75
8 561 -0.75
8 569 1.0
9 10 -0.5
9 13 -0.5
9 289 0.75
9 297 -1.0
9 305 -1.0
9 313 0.75
9 321 1.0
9 329 0.75
9 337 -0.25
9 345 0.0
10 11 0.25
10 13 0.75
10 14 -0.75
10 353 0.0
10 361 0.0
10 369 0.5
10 377 0.0
10 385 -0.25
10 393 -0.75
10 401 -0.75
10 409 0.25
11 12 0.5
11 14 -0.25
11 15 0.5
11 417 0.75
11 425 -0.5
11 433 -0.5
11 441 1.0
11 449 -0.75
11 457 1.0
11 465 -0.25
11 473 -0.25
12 15 0.75
12 16 0.0
12 481 -0.25
12 489 -0.75
12 497 0.0
12 505 1.0
12 513 0.5
12 521 -1.0
12 529 -0.5
12 537 0.0
13 14 -0.25
13 321 0.25
13 329 -0.5
13 337 -0.5
13 345 0.0
13 353 0.0
13 361 1.0
13 369 -0.25
13 377 -1.0
14 15 1.0
14 385 1.0
14 393 -0.5
14 401 0.25
14 409 -1.0
14 417 1.0
14 425 -0.25
14 433 0.25
14 441 1.0
15 16 -1.0
15 449 -0.75
15 457 -0.5
15 465 -1.0
15 473 -0.5
15 481 -0.75
15 489 0.75
15 497 -1.0
15 505 0.5
16 513 0.0
16 521 -0.25
16 529 0.25
16 537 0.0
16 545 0.0
16 553 1.0
16 561 1.0
16 569 -0.5
17 18 0.0
17 21 -0.5
17 289 -0.25
17 297 0.5
17 305 0.75
17 313 -0.5
17 321 0.0
17 329 -0.5
17 337 -1.0
17 345 -0.25
18 19 -0.25
18 21 0.5
18 22 -0.75
18 353 -0.25
18 361 -1.0
18 369 -0.25
18 377 0.0
18 385 -0.25
18 393 -0.75
18 401 0.25
18 409 -0.75
19 20 1.0
19 22 -1.0
19 23 -0.75
19 417 0.0
19 425 -0.75
19 433 0.75
19 441 -1.0
19 449 -0.25
19 457 1.0
19 465 -1.0
19 473 0.5
20 23 1.0
20 24 0.25
20 481 -0.5
20 489 0.75
20 497 0.25
20 505 -0.5
20 513 -0.5
20 521 -1.0
20 529 -0.75
20 537 -1.0
21 22 -0.5
21 321 -0.5
21 329 -1.0
21 337 0.25
21 345 -0.5
21 353 0.5
21 361 -0.75
21 369 -0.25
21 377 0.25
22 23 1.0
22 385 0.25
22 393 -0.25
22 401 -0.75
22 409 0.0
22 417 -0.75
22 425 -0.25
22 433 0.25
22 441 0.25
23 24 -0.25
23 449 -0.5
23 457 0.5
23 465 -1.0
23 473 0.0
23 481 -0.5
23 489 0.0
23 497 -0.75
23 505 -0.25
24 513 0.0
24 521 -0.25
24 529 -0.75
24 537 0.25
24 545 0.25
24 553 0.0
24 561 -0.5
24 569 -0.75
25 26 0.5
25 29 0.5
25 289 -0.25
25 297 -1.0
25 305 0.75
25 313 0.25
25 321 0.0
25 329 -1.0
25 337 0.75
25 345 -0.5
26 27 -1.0
26 29 0.0
26 30 -1.0
26 353 1.0
26 361 -0.5
26 369 -0.25
26 377 -0.5
26 385 -0.25
26 393 0.5
26 401 -0.75
26 409 -0.75
27 28 -0.25
27 30 0.0
27 31 0.75
27 417 -0.75
27 425 -0.5
27 433 -1.0
27 441 0.25
27 449 0.5
27 457 -1.0
27 465 0.0
27 473 0.0
28 31 -0.25
28 32 -0.5
28 481 0.5
28 489 -0.25
28 497 1.0
28 505 -1.0
28 513 0.25
28 521 1.0
28 529 0.25
28 537 -0.5
29 30 0.25
29 321 -0.75
29 329 -0.5
29 337 0.25
29 345 0.0
29 353 0.25
29 361 -0.25
29 369 0.5
29 377 0.0
30 31 -0.75
30 385 -0.75
30 393 0.0
30 401 0.75
30 409 0.5
30 417 0.0
30 425 -0.75
30 433 1.0
30 441 0.25
31 32 -0.5
31 449 0.25
31 457 -0.5
31 465 1.0
31 473 0.25
31 481 1.0
31 489 -0.5
31 497 0.25
31 505 -0.75
32 513 -0.5
32 521 -0.75
32 529 -0.25
32 537 0.0
32 545 0.5
32 553 -0.25
32 561 1.0
32 569 0.75
33 34 0.75
33 37 1.0
33 289 -0.25
33 293 0.0
33 297 -0.25
33 301 0.5
33 305 1.0
33 309 0.5
33 313 1.0
33 317 -1.0
33 321 0.75
33 325 -1.0
33 329 -0.75
33 333 0.25
33 337 0.0
33 341 1.0
33 345 0.25
33 349 0.0
34 35 0.75
34 37 0.5
34 38 0.5
34 353 0.0
34 357 -0.25
34 361 -0.5
34 365 1.0
34 369 -0.5
34 373 0.5
34 377 -0.25
34 381 -0.75
34 385 1.0
34 389 -1.0
34 393 -0.75
34 397 0.25
34 401 -0.5
34 405 0.25
34 409 -0.5
34 413 0.25
35 36 -0.5
35 38 0.0
35 39 -0.5
35 417 0.5
35 421 -1.0
35 425 -0.25
35 429 0.25
35 433 1.0
35 437 1.0
35 441 -0.75
35 445 -0.5
35 449 0.0
35 453 -0.75
35 457 -0.75
35 461 -1.0
35 465 0.5
35 469 -1.0
35 473 0.25
35 477 0.75
36 39 0.25
36 40 -0.25
36 481 0.0
36 485 0.25
36 489 -1.0
36 493 -1.0
36 497 0.0
36 501 -1.0
36 505 -1.0
36 509 0.0
36 513 -0.75
36 517 -0.25
36 521 0.25
36 525 1.0
36 529 0.75
36 533 -1.0
36 537 -0.75
36 541 -1.0
37 38 0.75
37 321 -1.0
37 325 -0.25
37 329 1.0
37 333 -0.75
37 337 -1.0
37 341 0.25
37 345 -0.75
37 349 0.75
37 353 -0.75
37 357 -1.0
37 361 0.5
37 365 0.0
37 369 0.75
37 373 0.25
37 377 0.0
37 381 0.25
38 39 -0.5
38 385 0.0
38 389 -0.25
38 393 0.0
38 397 1.0
38 401 -0.75
38 405 0.75
38 409 -0.25
38 413 -0.75
38 417 -0.25
38 421 0.25
38 425 -0.25
38 429 0.0
38 433 1.0
38 437 0.5
38 441 -1.0
38 445 0.5
39 40 -0.25
39 449 1.0
39 453 -1.0
39 457 -0.5
39 461 0.25
39 465 0.25
39 469 1.0
39 473 1.0
39 477 0.25
39 481 0.5
39 485 -0.75
39 489 0.5
39 493 0.25
39 497 0.25
39 501 -0.5
39 505 1.0
39 509 0.0
40 513 -0.5
40 517 -0.75
40 521 0.5
40 525 0.5
40 529 0.5
40 533 -0.75
40 537 1.0
40 541 0.5
40 545 -0.5
40 549 1.0
40 553 0.25
40 557 0.25
40 561 0.0
40 565 0.75
40 569 0.0
40 573 1.0
41 42 -0.5
41 45 0.5
41 289 -0.5
41 293 -0.5
41 297 0.0
41 301 0.0
41 305 0.25
41 309 -0.25
41 313 -0.5
41 317 1.0
41 321 0.75
41 325 1.0
41 329 -0.75
41 333 -0.75
41 337 -0.75
41 341 0.5
41 345 -0.5
41 349 0.0
42 43 -1.0
42 45 -0.25
42 46 -0.75
42 353 1.0
42 357 0.25
42 361 -0.5
42 365 -0.75
42 369 -0.75
42 373 0.25
42 377 -0.25
42 381 -1.0
42 385 -1.0
42 389 -0.5
42 393 0.75
42 397 1.0
42 401 -0.25
42 405 -0.75
42 409 -1.0
42 413 -0.75
43 44 -0.5
43 46 0.25
43 47 0.5
43 417 1.0
43 421 0.75
43 425 0.25
43 429 0.75
43 433 0.75
43 437 -1.0
43 441 0.25
43 445 0.75
43 449 1.0
43 453 -0.75
43 457 0.75
43 461 0.75
43 465 -1.0
43 469 0.0
43 473 0.5
43 477 -0.5
44 47 -0.5
44 48 1.0
44 481 0.25
44 485 -0.25
44 489 -0.75
44 493 -1.0
44 497 -0.25
44 501 -0.25
44 505 1.0
44 509 0.75
44 513 0.25
44 517 0.5
44 521 -0.25
44 525 0.75
44 529 0.5
44 533 0.25
44 537 0.75
44 541 -0.5
45 46 0.75
45 321 0.0
45 325 1.0
45 329 -0.5
45 333 1.0
45 337 0.25
45 341 1.0
45 345 1.0
45 349 -0.75
45 353 0.75
45 357 -0.25
45 361 0.75
45 365 -0.25
45 369 0.25
45 373 0.25
45 377 0.0
45 381 0.75
46 47 0.0
46 385 0.0
46 389 0.25
46 393 1.0
46 397 0.25
46 401 0.25
46 405 -0.75
46 409 -0.25
46 413 0.75
46 417 0.5
46 421 0.75
46 425 0.75
46 429 0.0
46 433 -1.0
46 437 1.0
46 441 -0.5
46 445 -0.75
47 48 -0.5
47 449 0.0
47 453 0.5
47 457 0.5
47 461 0.75
47 465 -0.25
47 469 1.0
47 473 1.0
47 477 0.0
47 481 -0.5
47 485 0.0
47 489 0.5
47 493 -1.0
47 497 -0.5
47 501 0.75
47 505 -0.25
47 509 0.25
48 513 1.0
48 517 0.5
48 521 1.0
48 525 0.75
48 529 1.0
48 533 -1.0
48 537 0.75
48 541 0.75
48 545 0.5
48 549 0.75
48 553 -0.75
48 557 0.0
48 561 1.0
48 565 0.75
48 569 0.0
48 573 -0.25
49 50 -0.25
49 53 0.25
49 289 -0.75
49 293 -1.0
49 297 0.25
49 301 1.0
49 305 0.25
49 309 0.25
49 313 0.5
49 317 -1.0
49 321 -0.25
49 325 -0.5
49 329 0.25
49 333 -1.0
49 337 0.0
49 341 -0.5
49 345 0.75
49 349 0.25
50 51 -0.25
50 53 0.5
50 54 1.0
50 353 0.0
50 357 -0.5
50 361 0.5
50 365 0.0
50 369 -0.75
50 373 -0.25
50 377 -0.25
50 381 -0.75
50 385 -0.5
50 389 1.0
50 393 0.75
50 397 0.5
50 401 -0.5
50 405 1.0
50 409 -0.25
50 413 -0.25
51 52 -0.75
51 54 -0.5
51 55 -0.75
51 417 -0.5
51 421 -0.5
51 425 -1.0
51 429 -0.25
51 433 1.0
51 437 0.5
51 441 -1.0
51 445 1.0
51 449 0.75
51 453 0.0
51 457 -0.75
51 461 -0.75
51 465 -0.25
51 469 0.0
51 473 -1.0
51 477 0.25
52 55 -0.75
52 56 0.0
52 481 -0.75
52 485 0.25
52 489 0.0
52 493 -1.0
52 497 -0.5
52 501 -0.25
52 505 0.0
52 509 -0.5
52 513 0.0
52 517 0.5
52 521 0.25
52 525 -0.75
52 529 -0.5
52 533 -0.75
52 537 0.75
52 541 -0.25
53 54 0.75
53 321 -1.0
53 325 0.0
53 329 1.0
53 333 0.5
53 337 0.5
53 341 -0.25
53 345 -1.0
53 349 -0.5
53 353 -0.5
53 357 0.75
53 361 -1.0
53 365 -1.0
53 369 0.0
53 373 0.25
53 377 0.5
53 381 -0.75
54 55 0.25
54 385 0.0
54 389 0.25
54 393 -1.0
54 397 0.0
54 401 -0.25
54 405 -0.25
54 409 -1.0
54 413 -1.0
54 417 -0.75
54 421 -0.25
54 425 -1.0
54 429 0.0
54 433 -0.5
54 437 -0.5
54 441 -1.0
54 445 0.75
55 56 -1.0
55 449 -0.25
55 453 -0.75
55 457 -0.25
55 461 1.0
55 465 0.0
55 469 -0.25
55 473 0.0
55 477 0.75
55 481 -0.25
55 485 -0.75
55 489 0.5
55 493 0.25
55 497 0.25
55 501 0.0
55 505 -0.75
55 509 -1.0
56 513 0.0
56 517 0.5
56 521 0.75
56 525 -0.25
56 529 -0.75
56 533 -0.25
56 537 -0.25
56 541 -0.75
56 545 0.75
56 549 -0.5
56 553 -1.0
56 557 1.0
56 561 -0.75
56 565 0.0
56 569 -0.25
56 573 -0.25
57 58 0.25
57 61 -0.25
57 289 0.75
57 293 -0.5
57 297 0.75
57 301 1.0
57 305 0.5
57 309 0.0
57 313 -0.75
57 317 -0.5
57 321 -0.75
57 325 0.5
57 329 0.0
57 333 -0.25
57 337 -0.5
57 341 1.0
57 345 -1.0
57 349 -1.0
58 59 -0.5
58 61 -1.0
58 62 0.5
58 353 -0.75
58 357 -0.75
58 361 1.0
58 365 0.0
58 369 0.75
58 373 0.5
58 377 -0.75
58 381 -0.75
58 385 -0.25
58 389 0.5
58 393 -0.25
58 397 0.0
58 401 -0.5
58 405 0.25
58 409 0.25
58 413 0.0
59 60 -0.75
59 62 -0.25
59 63 -0.5
59 417 -0.5
59 421 -0.25
59 425 0.75
59 429 0.25
59 433 -0.5
59 437 0.0
59 441 -0.25
59 445 1.0
59 449 -1.0
59 453 -0.75
59 457 0.5
59 461 0.0
59 465 0.5
59 469 0.0
59 473 0.75
59 477 0.75
60 63 -1.0
60 64 0.5
60 481 0.75
60 485 -1.0
60 489 -0.5
60 493 -0.5
60 497 -0.75
60 501 -1.0
60 505 0.25
60 509 -1.0
60 513 1.0
60 517 0.25
60 521 0.75
60 525 -0.5
60 529 -0.75
60 533 0.75
60 537 0.5
60 541 1.0
61 62 1.0
61 321 -0.75
61 325 0.75
61 329 0.0
61 333 0.0
61 337 0.0
61 341 -1.0
61 345 0.75
61 349 1.0
61 353 -0.5
61 357 0.5
61 361 -0.75
61 365 -1.0
61 369 -1.0
61 373 0.25
61 377 -0.5
61 381 -0.75
62 63 0.0
62 385 0.25
62 389 0.25
62 393 0.5
62 397 -0.25
62 401 -0.5
62 405 0.75
62 409 0.75
62 413 -1.0
62 417 -0.5
62 421 -0.25
62 425 -1.0
62 429 -0.75
62 433 1.0
62 437 -0.5
62 441 -0.5
62 445 0.25
63 64 -0.5
63 449 0.0
63 453 0.25
63 457 -1.0
63 461 0.0
63 465 -1.0
63 469 0.75
63 473 -0.5
63 477 0.0
63 481 -0.75
63 485 0.75
63 489 0.25
63 493 -0.25
63 497 0.0
63 501 0.5
63 505 0.5
63 509 0.75
64 513 -0.75
64 517 0.25
64 521 -0.75
64 525 -0.25
64 529 0.75
64 533 0.0
64 537 -0.25
64 541 -1.0
64 545 -0.5
64 549 -0.25
64 553 0.75
64 557 0.0
64 561 -0.5
64 565 -0.5
64 569 -0.25
64 573 1.0
65 66 1.0
65 69 -0.5
65 290 -0.75
65 293 0.75
65 298 0.0
65 301 0.5
65 306 0.0
65 309 1.0
65 314 -0.25
65 317 -1.0
65 322 0.5
65 325 -0.5
65 330 -0.5
65 333 1.0
65 338 -0.25
65 341 -0.5
65 346 1.0
65 349 -0.25
66 67 0.25
66 69 0.75
66 70 -0.25
66 354 0.75
66 357 0.75
66 362 -1.0
66 365 0.75
66 370 -0.5
66 373 -1.0
66 378 -0.5
66 381 0.25
66 386 0.75
66 389 0.5
66 394 0.25
66 397 -1.0
66 402 -0.75
66 405 0.75
66 410 -0.75
66 413 -0.25
67 68 1.0
67 70 -0.75
67 71 -0.75
67 418 -1.0
67 421 0.25
67 426 -0.75
67 429 0.5
67 434 -0.25
67 437 -0.75
67 442 -0.5
67 445 -0.25
67 450 -0.5
67 453 0.25
67 458 0.25
67 461 -1.0
67 466 0.75
67 469 0.75
67 474 0.75
67 477 0.75
68 71 0.25
68 72 0.0
68 482 0.0
68 485 -0.5
68 490 -1.0
68 493 -0.5
68 498 1.0
68 501 0.5
68 506 -0.75
68 509 -0.75
68 514 -0.25
68 517 0.75
68 522 -1.0
68 525 0.5
68 530 0.5
68 533 0.5
68 538 0.0
68 541 -0.5
69 70 -0.25
69 322 0.75
69 325 -0.5
69 330 -0.5
69 333 -0.25
69 338 0.75
69 341 1.0
69 346 0.0
69 349 -1.0
69 354 -0.5
69 357 -0.5
69 362 0.25
69 365 -0.25
69 370 0.75
69 373 -0.75
69 378 0.25
69 381 1.0
70 71 -0.75
70 386 0.0
70 389 -0.5
70 394 0.75
70 397 -0.5
70 402 -0.25
70 405 1.0
70 410 -0.5
70 413 1.0
70 418 0.25
70 421 1.0
70 426 0.75
70 429 0.25
70 434 0.5
70 437 -0.25
70 442 0.5
70 445 1.0
71 72 0.75
71 450 -1.0
71 453 0.75
71 458 0.5
71 461 0.25
71 466 0.25
71 469 -0.75
71 474 -1.0
71 477 0.5
71 482 -0.5
71 485 0.25
71 490 0.0
71 493 -1.0
71 498 -1.0
71 501 0.75
71 506 -0.5
71 509 0.5
72 514 -0.75
72 517 0.0
72 522 -0.5
72 525 0.25
72 530 0.25
72 533 -1.0
72 538 0.0
72 541 0.0
72 546 0.5
72 549 -0.75
72 554 -0.75
72 557 0.0
72 562 -0.75
72 565 -0.75
72 570 -0.5
72 573 0.25
73 74 1.0
73 77 0.0
73 290 1.0
73 293 0.25
73 298 -1.0
73 301 0.0
73 306 -1.0
73 309 1.0
73 314 1.0
73 317 1.0
73 322 -0.25
73 325 0.5
73 330 0.75
73 333 0.0
73 338 0.5
73 341 0.25
73 346 0.75
73 349 -0.75
74 75 0.0
74 77 1.0
74 78 0.0
74 354 1.0
74 357 -0.5
74 362 -0.75
74 365 1.0
74 370 -0.5
74 373 0.25
74 378 0.25
74 381 1.0
74 386 -0.25
74 389 0.0
74 394 -0.5
74 397 0.0
74 402 0.25
74 405 -0.25
74 410 -0.25
74 413 0.25
75 76 -1.0
75 78 1.0
75 79 -0.5
75 418 0.75
75 421 -1.0
75 426 0.0
75 429 -0.75
75 434 0.75
75 437 0.0
75 442 0.25
75 445 0.25
75 450 1.0
75 453 0.5
75 458 -1.0
75 461 1.0
75 466 -0.25
75 469 0.5
75 474 1.0
75 477 1.0
76 79 0.5
76 80 -0.25
76 482 1.0
76 485 -1.0
76 490 -0.75
76 493 0.5
76 498 0.75
76 501 0.5
76 506 0.25
76 509 0.0
76 514 -0.5
76 517 -0.5
76 522 1.0
76 525 -1.0
76 530 -1.0
76 533 -1.0
76 538 1.0
76 541 -1.0
77 78 -1.0
77 322 0.25
77 325 0.5
77 330 0.75
77 333 1.0
77 338 0.5
77 341 -0.5
77 346 -0.75
77 349 0.5
77 354 -0.75
77 357 -1.0
77 362 -1.0
77 365 -1.0
77 370 -0.25
77 373 0.0
77 378 -0.25
77 381 0.5
78 79 0.75
78 386 -0.75
78 389 -0.75
78 394 -0.75
78 397 1.0
78 402 -1.0
78 405 -0.75
78 410 1.0
78 413 0.0
78 418 -0.5
78 421 -1.0
78 426 -0.5
78 429 0.5
78 434 -0.25
78 437 0.0
78 442 -0.25
78 445 0.25
79 80 0.0
79 450 -0.25
79 453 -1.0
79 458 0.0
79 461 0.25
79 466 -0.25
79 469 -0.75
79 474 -1.0
79 477 -0.5
79 482 -0.25
79 485 -0.25
79 490 -0.5
79 493 0.75
79 498 -0.25
79 501 -0.25
79 506 -0.25
79 509 0.5
80 514 -0.5
80 517 -0.25
80 522 -0.25
80 525 0.5
80 530 -1.0
80 533 0.0
80 538 -0.5
80 541 -0.25
80 546 -0.5
80 549 -0.5
80 554 1.0
80 557 -0.75
80 562 0.75
80 565 0.75
80 570 0.25
80 573 0.75
81 82 0.75
81 85 -0.25
81 290 1.0
81 293 -1.0
81 298 -0.5
81 301 -1.0
81 306 0.5
81 309 0.0
81 314 -0.5
81 317 -0.5
81 322 1.0
81 325 -1.0
81 330 0.5
81 333 1.0
81 338 0.0
81 341 0.5
81 346 -0.25
81 349 0.25
82 83 0.5
82 85 -0.25
82 86 0.0
82 354 -1.0
82 357 -0.5
82 362 0.0
82 365 0.5
82 370 0.0
82 373 0.75
82 378 0.0
82 381 -0.25
82 386 -1.0
82 389 0.25
82 394 -0.5
82 397 -0.5
82 402 -1.0
82 405 0.0
82 410 -0.75
82 413 0.5
83 84 0.0
83 86 -0.5
83 87 0.25
83 418 -0.5
83 421 0.25
83 426 0.75
83 429 -0.75
83 434 0.75
83 437 -0.5
83 442 0.75
83 445 -0.5
83 450 -0.25
83 453 -0.5
83 458 -0.25
83 461 0.75
83 466 -0.5
83 469 -0.75
83 474 -1.0
83 477 -0.75
84 87 -0.5
84 88 0.5
84 482 -1.0
84 485 -0.5
84 490 -1.0
84 493 0.25
84 498 0.5
84 501 -0.25
84 506 0.75
84 509 -0.75
84 514 -1.0
84 517 -1.0
84 522 0.25
84 525 0.25
84 530 0.0
84 533 0.25
84 538 0.25
84 541 0.5
85 86 1.0
85 322 0.25
85 325 1.0
85 330 -0.5
85 333 -0.75
85 338 0.5
85 341 -0.75
85 346 0.0
85 349 0.5
85 354 0.0
85 357 -0.5
85 362 0.25
85 365 0.75
85 370 -0.25
85 373 -1.0
85 378 1.0
85 381 -0.25
86 87 -0.25
86 386 0.0
86 389 -0.5
86 394 0.0
86 397 1.0
86 402 -0.75
86 405 -1.0
86 410 -0.5
86 413 -0.5
86 418 0.75
86 421 0.25
86 426 0.5
86 429 -0.25
86 434 0.25
86 437 0.75
86 442 0.25
86 445 1.0
87 88 -1.0
87 450 0.25
87 453 -1.0
87 458 0.25
87 461 0.5
87 466 0.75
87 469 0.75
87 474 0.5
87 477 0.75
87 482 0.0
87 485 1.0
87 490 -0.75
87 493 0.5
87 498 -0.75
87 501 0.0
87 506 0.5
87 509 0.5
88 514 -1.0
88 517 1.0
88 522 0.75
88 525 0.5
88 530 -0.5
88 533 -0.25
88 538 0.25
88 541 -1.0
88 546 -0.25
88 549 -0.5
88 554 0.5
88 557 -0.75
88 562 1.0
88 565 -0.75
88 570 0.5
88 573 -0.5
89 90 0.75
89 93 0.5
89 290 -0.75
89 293 0.25
89 298 -1.0
89 301 0.25
89 306 0.25
89 309 -0.75
89 314 -0.5
89 317 -0.25
89 322 -1.0
89 325 -0.5
89 330 1.0
89 333 0.25
89 338 0.0
89 341 0.75
89 346 -1.0
89 349 -0.25
90 91 0.25
90 93 -1.0
90 94 1.0
90 354 -0.25
90 357 0.25
90 362 -0.75
90 365 0.75
90 370 -0.75
90 373 0.0
90 378 1.0
90 381 0.25
90 386 -1.0
90 389 -0.5
90 394 0.75
90 397 0.25
90 402 0.5
90 405 -0.25
90 410 -0.5
90 413 -0.75
91 92 -0.75
91 94 1.0
91 95 -1.0
91 418 1.0
91 421 0.5
91 426 -0.25
91 429 -0.75
91 434 0.5
91 437 -0.5
91 442 1.0
91 445 -0.75
91 450 -0.5
91 453 0.5
91 458 -0.75
91 461 0.5
91 466 -0.25
91 469 -1.0
91 474 -0.5
91 477 -0.5
92 95 -0.5
92 96 -0.25
92 482 0.5
92 485 0.5
92 490 0.25
92 493 1.0
92 498 0.0
92 501 0.25
92 506 -1.0
92 509 1.0
92 514 0.5
92 517 0.5
92 522 -0.25
92 525 -0.5
92 530 -1.0
92 533 -0.25
92 538 -1.0
92 541 1.0
93 94 0.25
93 322 0.5
93 325 -1.0
93 330 0.5
93 333 -0.25
93 338 -0.5
93 341 0.75
93 346 -1.0
93 349 0.0
93 354 0.75
93 357 0.75
93 362 -0.5
93 365 0.75
93 370 -0.75
93 373 0.75
93 378 -0.5
93 381 0.0
94 95 -0.75
94 386 0.25
94 389 1.0
94 394 -0.25
94 397 -0.5
94 402 0.5
94 405 0.25
94 410 1.0
94 413 1.0
94 418 0.5
94 421 0.75
94 426 -0.25
94 429 0.75
94 434 0.25
94 437 1.0
94 442 0.75
94 445 0.75
95 96 0.0
95 450 0.75
95 453 0.0
95 458 -0.25
95 461 -0.25
95 466 0.75
95 469 -0.5
95 474 -0.25
95 477 0.25
95 482 0.75
95 485 -0.5
95 490 -0.75
95 493 -1.0
95 498 -0.75
95 501 0.75
95 506 0.0
95 509 0.25
96 514 0.0
96 517 -0.5
96 522 -1.0
96 525 0.5
96 530 0.0
96 533 0.75
96 538 0.75
96 541 0.5
96 546 -0.5
96 549 1.0
96 554 -0.25
96 557 -0.5
96 562 -0.25
96 565 1.0
96 570 1.0
96 573 -0.25
97 98 0.25
97 101 0.5
97 290 -0.25
97 294 0.25
97 298 -0.5
97 302 -0.25
97 306 -0.25
97 310 0.75
97 314 -0.5
97 318 0.0
97 322 0.25
97 326 0.25
97 330 -0.25
97 334 0.5
97 338 -1.0
97 342 0.5
97 346 -0.5
97 350 0.75
98 99 -0.5
98 101 -0.25
98 102 -0.5
98 354 -0.5
98 358 0.0
98 362 -1.0
98 366 0.25
98 370 0.25
98 374 -0.25
98 378 0.25
98 382 1.0
98 386 0.75
98 390 0.5
98 394 0.0
98 398 -0.75
98 402 0.75
98 406 -0.75
98 410 -1.0
98 414 -1.0
99 100 -0.75
99 102 0.0
99 103 0.5
99 418 -0.5
99 422 0.75
99 426 -1.0
99 430 0.25
99 434 1.0
99 438 0.0
99 442 0.25
99 446 0.75
99 450 -0.75
99 454 0.0
99 458 0.0
99 462 -1.0
99 466 0.75
99 470 -0.25
99 474 -0.75
99 478 1.0
100 103 -0.5
100 104 0.25
100 482 0.0
100 486 -0.5
100 490 0.5
100 494 0.0
100 498 -0.75
100 502 0.75
100 506 0.75
100 510 -0.25
100 514 1.0
100 518 -0.25
100 522 0.0
100 526 -0.5
100 530 -0.5
100 534 0.25
100 538 -0.25
100 542 1.0
101 102 1.0
101 322 0.75
101 326 0.0
101 330 0.75
101 334 0.0
101 338 -0.25
101 342 -0.25
101 346 1.0
101 350 -0.5
101 354 -0.75
101 358 -0.25
101 362 -0.25
101 366 -0.5
101 370 0.0
101 374 -0.25
101 378 -0.25
101 382 -0.25
102 103 -1.0
102 386 1.0
102 390 0.5
102 394 0.25
102 398 -0.75
102 402 0.5
102 406 0.75
102 410 -1.0
102 414 1.0
102 418 -0.5
102 422 0.25
102 426 0.5
102 430 -0.75
102 434 0.25
102 438 0.75
102 442 1.0
102 446 -0.75
103 104 -0.25
103 450 -0.75
103 454 0.5
103 458 0.5
103 462 0.5
103 466 0.75
103 470 -1.0
103 474 1.0
103 478 -0.5
103 482 0.25
103 486 -0.5
103 490 -0.5
103 494 -0.25
103 498 0.0
103 502 -0.75
103 506 -0.25
103 510 -0.75
104 514 0.5
104 518 -0.5
104 522 -1.0
104 526 -1.0
104 530 -0.25
104 534 0.5
104 538 -0.75
104 542 0.0
104 546 0.5
104 550 1.0
104 554 -0.25
104 558 0.0
104 562 0.75
104 566 0.75
104 570 0.0
104 574 0.0
105 106 -0.75
105 109 0.5
105 290 1.0
105 294 -1.0
105 298 -0.5
105 302 1.0
105 306 -0.5
105 310 -1.0
105 314 -0.5
105 318 -1.0
105 322 1.0
105 326 0.0
105 330 0.25
105 334 -0.5
105 338 0.75
105 342 1.0
105 346 0.0
105 350 0.5
106 107 0.0
106 109 0.75
106 110 1.0
106 354 0.5
106 358 0.25
106 362 -1.0
106 366 -0.75
106 370 0.25
106 374 -0.25
106 378 -0.25
106 382 0.75
106 386 0.25
106 390 0.5
106 394 -0.5
106 398 0.5
106 402 0.25
106 406 0.5
106 410 -1.0
106 414 0.5
107 108 1.0
107 110 0.75
107 111 -1.0
107 418 1.0
107 422 0.75
107 426 -0.25
107 430 -0.75
107 434 -0.75
107 438 0.0
107 442 -0.75
107 446 -0.5
107 450 0.25
107 454 -0.75
107 458 0.0
107 462 0.5
107 466 1.0
107 470 -1.0
107 474 -0.75
107 478 0.0
108 111 1.0
108 112 0.25
108 482 0.25
108 486 0.0
108 490 0.5
108 494 -0.5
108 498 -0.75
108 502 -1.0
108 506 0.25
108 510 -0.75
108 514 -0.5
108 518 -1.0
108 522 -0.5
108 526 0.25
108 530 0.0
108 534 0.0
108 538 0.75
108 542 0.25
109 110 -0.25
109 322 -1.0
109 326 0.25
109 330 0.25
109 334 -0.5
109 338 -0.25
109 342 -0.5
109 346 0.75
109 350 -1.0
109 354 0.0
109 358 0.25
109 362 0.5
109 366 -1.0
109 370 0.0
109 374 0.25
109 378 0.0
109 382 -0.75
110 111 -0.25
110 386 0.5
110 390 0.75
110 394 0.25
110 398 0.75
110 402 -0.75
110 406 1.0
110 410 1.0
110 414 -0.25
110 418 0.75
110 422 1.0
110 426 0.75
110 430 0.0
110 434 -0.25
110 438 0.0
110 442 -0.25
110 446 0.75
111 112 1.0
111 450 -0.75
111 454 -0.25
111 458 -0.75
111 462 -0.75
111 466 -0.25
111 470 -0.75
111 474 -0.25
111 478 0.75
111 482 -0.25
111 486 -0.75
111 490 0.25
111 494 -0.25
111 498 -1.0
111 502 1.0
111 506 0.0
111 510 0.75
112 514 -0.5
112 518 0.5
112 522 -1.0
112 526 -0.5
112 530 -0.25
112 534 -1.0
112 538 0.25
112 542 -0.5
112 546 0.0
112 550 -0.5
112 554 -1.0
112 558 0.0
112 562 0.75
112 566 -0.75
112 570 0.5
112 574 -0.5
113 114 -1.0
113 117 -0.75
113 290 -0.75
113 294 0.75
113 298 0.25
113 302 0.0
113 306 -0.25
113 310 1.0
113 314 -0.5
113 318 -0.5
113 322 0.0
113 326 0.25
113 330 -0.75
113 334 0.75
113 338 0.75
113 342 -0.75
113 346 -0.25
113 350 0.5
114 115 0.25
114 117 -0.5
114 118 0.5
114 354 0.5
114 358 -1.0
114 362 0.5
114 366 -0.75
114 370 0.0
114 374 0.25
114 378 -0.5
114 382 0.0
114 386 0.0
114 390 -0.5
114 394 0.0
114 398 -0.25
114 402 -0.75
114 406 0.5
114 410 0.0
114 414 0.5
115 116 0.0
115 118 1.0
115 119 0.25
115 418 -0.25
115 422 0.75
115 426 -0.25
115 430 0.75
115 434 0.0
115 438 -1.0
115 442 -1.0
115 446 1.0
115 450 0.75
115 454 0.0
115 458 -0.5
115 462 1.0
115 466 0.0
115 470 -1.0
115 474 0.0
115 478 0.75
116 119 -0.25
116 120 -1.0
116 482 -0.75
116 486 0.25
116 490 0.5
116 494 0.75
116 498 0.5
116 502 0.5
116 506 0.25
116 510 0.75
116 514 0.75
116 518 -1.0
116 522 0.25
116 526 1.0
116 530 0.5
116 534 -0.75
116 538 0.0
116 542 -0.5
117 118 0.75
117 322 1.0
117 326 -0.25
117 330 0.5
117 334 -1.0
117 338 0.25
117 342 0.25
117 346 0.25
117 350 -0.5
117 354 -0.25
117 358 -0.75
117 362 -0.25
117 366 1.0
117 370 0.75
117 374 0.25
117 378 -1.0
117 382 1.0
118 119 0.5
118 386 -1.0
118 390 0.25
118 394 -1.0
118 398 -1.0
118 402 -1.0
118 406 -1.0
118 410 -0.25
118 414 0.5
118 418 1.0
118 422 0.5
118 426 0.75
118 430 0.25
118 434 -0.25
118 438 1.0
118 442 0.5
118 446 -0.75
119 120 -0.75
119 450 -0.75
119 454 0.0
119 458 -1.0
119 462 0.75
119 466 0.75
119 470 -0.25
119 474 0.25
119 478 0.25
119 482 -1.0
119 486 1.0
119 490 -0.75
119 494 0.0
119 498 0.0
119 502 0.0
119 506 -0.75
119 510 0.25
120 514 1.0
120 518 0.5
120 522 -0.75
120 526 0.5
120 530 -0.5
120 534 -0.5
120 538 0.5
120 542 0.0
120 546 -0.5
120 550 -0.5
120 554 0.25
120 558 0.75
120 562 1.0
120 566 0.5
120 570 0.75
120 574 -0.75
121 122 1.0
121 125 -0.5
121 290 0.0
121 294 0.25
121 298 0.75
121 302 0.25
121 306 0.25
121 310 0.75
121 314 0.75
121 318 0.25
121 322 0.5
121 326 0.0
121 330 0.75
121 334 -1.0
121 338 0.0
121 342 -1.0
121 346 0.75
121 350 0.75
122 123 -1.0
122 125 -1.0
122 126 -0.25
122 354 -0.25
122 358 -0.75
122 362 0.75
122 366 -0.25
122 370 -0.75
122 374 -0.25
122 378 0.5
122 382 -0.5
122 386 -1.0
122 390 -0.25
122 394 0.0
122 398 -0.25
122 402 0.75
122 406 0.0
122 410 -1.0
122 414 0.75
123 124 0.0
123 126 -0.75
123 127 -0.25
123 418 0.75
123 422 -0.5
123 426 0.5
123 430 -0.5
123 434 -0.5
123 438 0.25
123 442 0.0
123 446 0.0
123 450 -1.0
123 454 -0.25
123 458 -0.75
123 462 1.0
123 466 0.75
123 470 -0.25
123 474 -1.0
123 478 -1.0
124 127 -0.25
124 128 -0.5
124 482 -1.0
124 486 0.0
124 490 -0.5
124 494 -1.0
124 498 -0.5
124 502 0.0
124 506 -0.75
124 510 -0.75
124 514 -1.0
124 518 1.0
124 522 0.75
124 526 0.5
124 530 0.5
124 534 1.0
124 538 -0.25
124 542 -0.75
125 126 0.25
125 322 -0.5
125 326 0.5
125 330 0.5
125 334 -1.0
125 338 -0.5
125 342 -0.25
125 346 -0.75
125 350 -0.75
125 354 1.0
125 358 0.5
125 362 1.0
125 366 -1.0
125 370 -0.75
125 374 -0.25
125 378 0.0
125 382 -1.0
126 127 -0.5
126 386 0.25
126 390 -0.25
126 394 0.75
126 398 -0.75
126 402 -0.25
126 406 0.75
126 410 0.25
126 414 0.0
126 418 1.0
126 422 -0.75
126 426 -1.0
126 430 -0.25
126 434 1.0
126 438 -0.5
126 442 0.5
126 446 1.0
127 128 0.0
127 450 0.75
127 454 -0.25
127 458 -1.0
127 462 0.5
127 466 0.0
127 470 1.0
127 474 -1.0
127 478 0.25
127 482 0.5
127 486 1.0
127 490 -0.75
127 494 -0.5
127 498 -0.25
127 502 -0.5
127 506 0.75
127 510 0.0
128 514 0.75
128 518 0.0
128 522 -0.5
128 526 0.5
128 530 0.5
128 534 0.75
128 538 1.0
128 542 -0.25
128 546 -0.75
128 550 0.0
128 554 0.75
128 558 1.0
128 562 0.5
128 566 0.5
128 570 0.5
128 574 -0.25
129 130 1.0
129 133 0.75
129 291 -0.5
129 294 -0.25
129 299 -1.0
129 302 0.0
129 307 0.0
129 310 -0.25
129 315 1.0
129 318 -1.0
129 323 -0.75
129 326 -0.5
129 331 -0.75
129 334 0.75
129 339 1.0
129 342 -1.0
129 347 -0.5
129 350 0.75
130 131 0.5
130 133 1.0
130 134 -0.25
130 355 -0.25
130 358 0.25
130 363 0.5
130 366 0.5
130 371 0.75
130 374 -0.75
130 379 -0.75
130 382 0.0
130 387 0.5
130 390 -0.5
130 395 -1.0
130 398 -0.25
130 403 0.0
130 406 0.5
130 411 -0.25
130 414 0.25
131 132 -0.5
131 134 0.25
131 135 1.0
131 419 -0.5
131 422 1.0
131 427 1.0
131 430 0.25
131 435 0.25
131 438 -0.5
131 443 -0.25
131 446 0.75
131 451 -0.25
131 454 0.75
131 459 0.5
131 462 1.0
131 467 0.75
131 470 1.0
131 475 1.0
131 478 0.5
132 135 -0.5
132 136 -0.5
132 483 -0.75
132 486 -1.0
132 491 0.75
132 494 0.25
132 499 1.0
132 502 -0.25
132 507 -1.0
132 510 0.75
132 515 0.5
132 518 0.0
132 523 0.75
132 526 0.75
132 531 0.25
132 534 0.5
132 539 1.0
132 542 0.5
133 134 1.0
133 323 0.25
133 326 -0.25
133 331 -0.5
133 334 0.5
133 339 -1.0
133 342 -0.25
133 347 -0.5
133 350 0.25
133 355 0.0
133 358 0.5
133 363 0.75
133 366 -0.5
133 371 0.0
133 374 -0.25
133 379 -0.75
133 382 0.25
134 135 -0.5
134 387 0.5
134 390 0.5
134 395 0.5
134 398 -1.0
134 403 1.0
134 406 -1.0
134 411 -1.0
134 414 -1.0
134 419 0.75
134 422 -0.75
134 427 -0.25
134 430 0.25
134 435 1.0
134 438 0.75
134 443 -1.0
134 446 -1.0
135 136 -1.0
135 451 0.5
135 454 -0.75
135 459 -0.5
135 462 0.5
135 467 1.0
135 470 0.0
135 475 1.0
135 478 0.75
135 483 0.25
135 486 1.0
135 491 0.75
135 494 -0.75
135 499 -0.5
135 502 -0.75
135 507 -0.5
135 510 0.5
136 515 -1.0
136 518 -1.0
136 523 -1.0
136 526 0.5
136 531 0.25
136 534 -1.0
136 539 -0.75
136 542 -0.25
136 547 0.0
136 550 -0.75
136 555 0.0
136 558 0.0
136 563 -0.75
136 566 -1.0
136 571 -1.0
136 574 -0.25
137 138 -0.75
137 141 0.5
137 291 0.5
137 294 1.0
137 299 0.0
137 302 0.25
137 307 1.0
137 310 1.0
137 315 -0.5
137 318 1.0
137 323 0.5
137 326 -0.5
137 331 -0.25
137 334 -1.0
137 339 0.75
137 342 -1.0
137 347 -0.75
137 350 0.75
138 139 0.25
138 141 -0.75
138 142 -0.75
138 355 -0.5
138 358 0.25
138 363 0.75
138 366 0.5
138 371 0.0
138 374 -0.75
138 379 -1.0
138 382 -0.75
138 387 -1.0
138 390 -0.25
138 395 -1.0
138 398 -1.0
138 403 1.0
138 406 -0.25
138 411 -0.5
138 414 0.25
139 140 0.25
139 142 0.25
139 143 -0.75
139 419 0.75
139 422 0.75
139 427 0.0
139 430 -0.25
139 435 -0.75
139 438 0.0
139 443 0.75
139 446 -0.25
139 451 0.25
139 454 -0.25
139 459 1.0
139 462 -0.25
139 467 -0.5
139 470 0.25
139 475 0.75
139 478 -1.0
140 143 0.0
140 144 -0.5
140 483 1.0
140 486 -0.25
140 491 0.0
140 494 -0.75
140 499 0.5
140 502 -0.75
140 507 0.5
140 510 -0.75
140 515 -0.5
140 518 0.5
140 523 -0.75
140 526 -1.0
140 531 -1.0
140 534 -0.75
140 539 0.5
140 542 -0.75
141 142 0.75
141 323 -0.5
141 326 -1.0
141 331 1.0
141 334 0.5
141 339 -0.25
141 342 0.5
141 347 -0.75
141 350 -0.5
141 355 -1.0
141 358 -0.5
141 363 0.25
141 366 -0.25
141 371 -1.0
141 374 0.0
141 379 1.0
141 382 0.25
142 143 0.25
142 387 0.25
142 390 -1.0
142 395 -0.5
142 398 -0.25
142 403 -0.75
142 406 0.25
142 411 -1.0
142 414 0.0
142 419 0.75
142 422 0.25
142 427 1.0
142 430 -0.5
142 435 0.5
142 438 -0.5
142 443 -0.5
142 446 -1.0
143 144 -1.0
143 451 0.75
143 454 0.0
143 459 1.0
143 462 0.25
143 467 -0.25
143 470 0.0
143 475 -0.75
143 478 0.0
143 483 0.5
143 486 0.25
143 491 0.0
143 494 0.25
143 499 -0.5
143 502 0.25
143 507 0.25
143 510 0.25
144 515 -0.25
144 518 1.0
144 523 -0.5
144 526 1.0
144 531 -0.5
144 534 -0.5
144 539 -0.5
144 542 -0.75
144 547 -1.0
144 550 -1.0
144 555 -0.75
144 558 -0.75
144 563 -0.75
144 566 -0.25
144 571 -1.0
144 574 1.0
145 146 0.25
145 149 -0.75
145 291 0.75
145 294 -1.0
145 299 0.25
145 302 -0.75
145 307 0.0
145 310 0.25
145 315 0.25
145 318 -1.0
145 323 0.75
145 326 -0.75
145 331 0.0
145 334 -0.5
145 339 -1.0
145 342 -0.5
145 347 -0.25
145 350 -0.75
146 147 0.25
146 149 -0.75
146 150 -0.75
146 355 1.0
146 358 0.75
146 363 0.75
146 366 -1.0
146 371 1.0
146 374 1.0
146 379 -0.25
146 382 0.0
146 387 0.75
146 390 0.5
146 395 0.0
146 398 0.25
146 403 0.25
146 406 -0.75
146 411 -0.75
146 414 -1.0
147 148 0.5
147 150 1.0
147 151 1.0
147 419 0.25
147 422 -0.25
147 427 0.5
147 430 1.0
147 435 0.0
147 438 0.75
147 443 0.5
147 446 -0.5
147 451 -0.75
147 454 -0.25
147 459 -1.0
147 462 -0.25
147 467 0.5
147 470 -0.25
147 475 0.5
147 478 -1.0
148 151 0.0
148 152 -0.75
148 483 0.5
148 486 -0.5
148 491 -0.5
148 494 0.25
148 499 -0.25
148 502 -0.75
148 507 -0.5
148 510 0.0
148 515 -1.0
148 518 -0.5
148 523 1.0
148 526 0.75
148 531 -1.0
148 534 -0.5
148 539 0.25
148 542 0.0
149 150 0.0
149 323 0.5
149 326 0.75
149 331 -0.25
149 334 -1.0
149 339 0.25
149 342 -0.25
149 347 1.0
149 350 0.75
149 355 -1.0
149 358 -0.75
149 363 1.0
149 366 0.5
149 371 -1.0
149 374 -1.0
149 379 -0.5
149 382 -0.5
150 151 -1.0
150 387 0.75
150 390 -0.5
150 395 0.5
150 398 0.5
150 403 -0.25
150 406 0.0
150 411 0.0
150 414 0.25
150 419 -0.5
150 422 -1.0
150 427 0.0
150 430 -0.75
150 435 0.5
150 438 0.0
150 443 0.75
150 446 -0.25
151 152 -0.5
151 451 -0.75
151 454 0.25
151 459 1.0
151 462 0.0
151 467 0.5
151 470 -0.5
151 475 -1.0
151 478 0.5
151 483 1.0
151 486 0.0
151 491 1.0
151 494 -0.75
151 499 -0.75
151 502 0.25
151 507 0.75
151 510 -0.75
152 515 -0.25
152 518 -0.25
152 523 -0.5
152 526 0.5
152 531 0.25
152 534 0.75
152 539 0.5
152 542 0.75
152 547 0.25
152 550 0.5
152 555 0.5
152 558 1.0
152 563 0.5
152 566 0.25
152 571 -1.0
152 574 1.0
153 154 0.0
153 157 0.75
153 291 -0.75
153 294 1.0
153 299 -0.5
153 302 0.75
153 307 0.5
153 310 0.5
153 315 1.0
153 318 0.75
153 323 -1.0
153 326 0.25
153 331 0.0
153 334 -0.75
153 339 0.5
153 342 0.25
153 347 1.0
153 350 -1.0
154 155 0.25
154 157 -0.75
154 158 -0.25
154 355 0.0
154 358 0.25
154 363 0.75
154 366 -1.0
154 371 -0.5
154 374 -0.75
154 379 0.25
154 382 1.0
154 387 0.75
154 390 -0.5
154 395 0.25
154 398 -0.25
154 403 -0.5
154 406 0.75
154 411 0.5
154 414 0.25
155 156 -0.25
155 158 0.5
155 159 -0.75
155 419 0.0
155 422 0.75
155 427 -0.25
155 430 0.5
155 435 0.75
155 438 -0.75
155 443 -0.25
155 446 0.25
155 451 -0.5
155 454 -1.0
155 459 0.5
155 462 0.75
155 467 -0.5
155 470 0.0
155 475 1.0
155 478 0.5
156 159 0.25
156 160 0.75
156 483 -0.75
156 486 1.0
156 491 0.5
156 494 -0.5
156 499 -0.75
156 502 -1.0
156 507 -0.75
156 510 -0.25
156 515 0.75
156 518 -0.75
156 523 -1.0
156 526 -0.25
156 531 0.75
156 534 0.0
156 539 -0.75
156 542 -0.25
157 158 0.25
157 323 0.5
157 326 0.75
157 331 -1.0
157 334 0.25
157 339 1.0
157 342 -0.75
157 347 -0.75
157 350 1.0
157 355 -0.75
157 358 -0.5
157 363 1.0
157 366 0.0
157 371 -1.0
157 374 -0.5
157 379 -0.75
157 382 -0.75
158 159 -0.5
158 387 -0.5
158 390 1.0
158 395 -0.5
158 398 0.75
158 403 -0.25
158 406 0.0
158 411 -0.25
158 414 -1.0
158 419 0.75
158 422 -0.5
158 427 1.0
158 430 0.75
158 435 1.0
158 438 0.5
158 443 -1.0
158 446 0.0
159 160 0.75
159 451 0.0
159 454 1.0
159 459 -0.25
159 462 1.0
159 467 0.25
159 470 -0.75
159 475 0.5
159 478 -0.5
159 483 0.75
159 486 -0.5
159 491 -0.75
159 494 0.25
159 499 0.25
159 502 0.5
159 507 0.0
159 510 1.0
160 515 -1.0
160 518 0.0
160 523 0.0
160 526 -0.75
160 531 -1.0
160 534 0.75
160 539 -1.0
160 542 0.75
160 547 0.75
160 550 1.0
160 555 -1.0
160 558 -0.5
160 563 -0.25
160 566 0.0
160 571 -0.5
160 574 0.5
161 162 -0.5
161 165 -0.25
161 291 0.5
161 295 0.0
161 299 -0.25
161 303 0.0
161 307 -0.5
161 311 -0.75
161 315 -0.75
161 319 -0.75
161 323 -0.5
161 327 0.0
161 331 0.5
161 335 1.0
161 339 0.0
161 343 0.5
161 347 -0.5
161 351 1.0
162 163 1.0
162 165 0.25
162 166 -0.5
162 355 0.0
162 359 -0.25
162 363 0.0
162 367 1.0
162 371 0.75
162 375 -1.0
162 379 -0.75
162 383 0.75
162 387 0.25
162 391 0.0
162 395 0.25
162 399 1.0
162 403 0.5
162 407 0.0
162 411 -0.5
162 415 -0.5
163 164 -1.0
163 166 1.0
163 167 0.5
163 419 0.25
163 423 0.0
163 427 0.75
163 431 -0.75
163 435 -0.75
163 439 -1.0
163 443 0.0
163 447 -1.0
163 451 -1.0
163 455 -1.0
163 459 -0.25
163 463 -0.5
163 467 -0.25
163 471 -0.75
163 475 -0.25
163 479 -1.0
164 167 0.75
164 168 0.5
164 483 -0.75
164 487 -1.0
164 491 0.0
164 495 0.75
164 499 -1.0
164 503 0.25
164 507 0.75
164 511 1.0
164 515 0.75
164 519 0.5
164 523 0.75
164 527 -1.0
164 531 0.0
164 535 -0.75
164 539 -1.0
164 543 -0.5
165 166 0.5
165 323 0.0
165 327 -0.25
165 331 1.0
165 335 -0.75
165 339 1.0
165 343 0.5
165 347 -0.5
165 351 0.0
165 355 -0.75
165 359 -0.75
165 363 -1.0
165 367 1.0
165 371 -0.5
165 375 0.75
165 379 0.5
165 383 -0.25
166 167 -1.0
166 387 -0.25
166 391 0.75
166 395 1.0
166 399 0.5
166 403 0.75
166 407 -0.75
166 411 0.5
166 415 -1.0
166 419 -0.25
166 423 -1.0
166 427 -0.5
166 431 -1.0
166 435 0.0
166 439 0.75
166 443 0.5
166 447 -0.5
167 168 -0.25
167 451 0.25
167 455 0.0
167 459 0.25
167 463 0.0
167 467 0.75
167 471 1.0
167 475 0.0
167 479 0.25
167 483 0.5
167 487 -0.5
167 491 -0.5
167 495 -0.75
167 499 0.5
167 503 0.25
167 507 1.0
167 511 0.0
168 515 1.0
168 519 -1.0
168 523 -1.0
168 527 0.75
168 531 -0.25
168 535 0.0
168 539 1.0
168 543 -1.0
168 547 -0.5
168 551 -0.5
168 555 -0.5
168 559 0.0
168 563 0.5
168 567 0.5
168 571 0.75
168 575 -0.75
169 170 -0.75
169 173 0.25
169 291 -0.75
169 295 0.25
169 299 -1.0
169 303 -0.5
169 307 0.0
169 311 -1.0
169 315 0.5
169 319 0.0
169 323 0.25
169 327 0.75
169 331 0.5
169 335 -0.5
169 339 -0.75
169 343 0.5
169 347 -0.75
169 351 0.75
170 171 0.0
170 173 -0.25
170 174 -1.0
170 355 -0.5
170 359 -0.75
170 363 0.5
170 367 1.0
170 371 -0.75
170 375 -0.5
170 379 -0.5
170 383 -0.5
170 387 0.25
170 391 -0.5
170 395 -0.25
170 399 -0.75
170 403 1.0
170 407 -1.0
170 411 -0.75
170 415 1.0
171 172 -0.25
171 174 0.5
171 175 1.0
171 419 1.0
171 423 -0.25
171 427 0.5
171 431 -0.75
171 435 0.75
171 439 0.5
171 443 -0.5
171 447 -1.0
171 451 -0.5
171 455 -0.5
171 459 -0.5
171 463 0.0
171 467 0.5
171 471 0.5
171 475 0.25
171 479 0.0
172 175 1.0
172 176 -1.0
172 483 0.25
172 487 0.25
172 491 0.75
172 495 -0.5
172 499 -1.0
172 503 -1.0
172 507 -0.5
172 511 0.5
172 515 -0.75
172 519 -0.75
172 523 -0.5
172 527 0.5
172 531 1.0
172 535 0.5
172 539 -0.5
172 543 0.25
173 174 -0.5
173 323 -0.75
173 327 0.5
173 331 -0.75
173 335 0.75
173 339 1.0
173 343 0.25
173 347 0.25
173 351 -0.5
173 355 -0.5
173 359 -0.25
173 363 0.0
173 367 1.0
173 371 -1.0
173 375 -0.75
173 379 -0.75
173 383 -0.75
174 175 -0.5
174 387 -0.5
174 391 0.5
174 395 -0.75
174 399 -0.5
174 403 1.0
174 407 -0.25
174 411 -0.25
174 415 0.25
174 419 1.0
174 423 0.5
174 427 -0.75
174 431 0.75
174 435 0.75
174 439 -0.75
174 443 0.5
174 447 0.5
175 176 0.0
175 451 -0.75
175 455 0.25
175 459 0.5
175 463 -0.5
175 467 0.25
175 471 -1.0
175 475 0.25
175 479 0.25
175 483 -0.25
175 487 -0.75
175 491 0.0
175 495 -1.0
175 499 -1.0
175 503 0.75
175 507 0.25
175 511 0.0
176 515 0.5
176 519 0.75
176 523 0.0
176 527 -0.25
176 531 0.0
176 535 -0.5
176 539 0.75
176 543 1.0
176 547 -1.0
176 551 0.5
176 555 -0.75
176 559 0.5
176 563 0.5
176 567 -0.5
176 571 0.5
176 575 0.0
177 178 -1.0
177 181 -0.5
177 291 1.0
177 295 -0.75
177 299 1.0
177 303 0.75
177 307 0.5
177 311 0.25
177 315 0.5
177 319 -0.75
177 323 -0.25
177 327 0.75
177 331 0.0
177 335 -0.25
177 339 0.25
177 343 0.75
177 347 -0.75
177 351 0.5
178 179 0.5
178 181 0.0
178 182 -0.5
178 355 -0.75
178 359 -0.5
178 363 1.0
178 367 0.5
178 371 -1.0
178 375 1.0
178 379 0.25
178 383 0.5
178 387 -0.25
178 391 1.0
178 395 0.5
178 399 -1.0
178 403 -0.25
178 407 -0.75
178 411 0.0
178 415 -0.75
179 180 -0.5
179 182 -0.75
179 183 1.0
179 419 -1.0
179 423 -0.5
179 427 -1.0
179 431 1.0
179 435 0.5
179 439 0.25
179 443 0.0
179 447 -0.5
179 451 0.25
179 455 1.0
179 459 -0.25
179 463 0.75
179 467 0.75
179 471 0.25
179 475 -0.25
179 479 0.25
180 183 1.0
180 184 -0.25
180 483 -0.5
180 487 -0.75
180 491 -0.5
180 495 -0.5
180 499 0.5
180 503 -0.5
180 507 1.0
180 511 1.0
180 515 -0.25
180 519 -0.5
180 523 0.0
180 527 0.75
180 531 -0.5
180 535 0.0
180 539 -1.0
180 543 0.75
181 182 0.25
181 323 1.0
181 327 0.25
181 331 0.5
181 335 0.25
181 339 -0.75
181 343 0.25
181 347 -0.5
181 351 -0.25
181 355 0.5
181 359 -0.25
181 363 0.25
181 367 1.0
181 371 0.25
181 375 0.75
181 379 -0.25
181 383 0.5
182 183 -1.0
182 387 -1.0
182 391 -0.5
182 395 -0.75
182 399 -1.0
182 403 0.5
182 407 1.0
182 411 -1.0
182 415 -1.0
182 419 0.5
182 423 1.0
182 427 0.25
182 431 0.0
182 435 -0.25
182 439 -0.25
182 443 1.0
182 447 0.0
183 184 -1.0
183 451 0.25
183 455 0.25
183 459 -0.5
183 463 0.75
183 467 -1.0
183 471 0.0
183 475 1.0
183 479 1.0
183 483 -0.5
183 487 0.75
183 491 -0.5
183 495 0.0
183 499 0.75
183 503 1.0
183 507 0.25
183 511 -1.0
184 515 0.75
184 519 0.75
184 523 0.5
184 527 0.0
184 531 -0.5
184 535 -0.25
184 539 -0.25
184 543 0.5
184 547 0.5
184 551 -1.0
184 555 -0.75
184 559 0.5
184 563 0.75
184 567 -0.5
184 571 -0.25
184 575 0.5
185 186 0.75
185 189 0.5
185 291 -0.5
185 295 -0.25
185 299 -0.25
185 303 0.75
185 307 -0.25
185 311 -0.5
185 315 -0.75
185 319 0.0
185 323 -0.75
185 327 -0.25
185 331 0.75
185 335 0.0
185 339 1.0
185 343 0.0
185 347 -0.5
185 351 0.0
186 187 0.75
186 189 0.0
186 190 -0.5
186 355 -0.25
186 359 -1.0
186 363 -0.5
186 367 0.0
186 371 -0.75
186 375 0.25
186 379 -0.5
186 383 -1.0
186 387 -1.0
186 391 -0.75
186 395 -1.0
186 399 -0.5
186 403 1.0
186 407 0.75
186 411 0.0
186 415 -0.5
187 188 -0.5
187 190 -1.0
187 191 1.0
187 419 0.0
187 423 0.5
187 427 -0.25
187 431 -0.75
187 435 -0.75
187 439 0.25
187 443 1.0
187 447 0.75
187 451 -1.0
187 455 0.0
187 459 -0.5
187 463 -0.5
187 467 1.0
187 471 1.0
187 475 1.0
187 479 -1.0
188 191 -0.5
188 192 -0.75
188 483 -1.0
188 487 -0.75
188 491 -0.25
188 495 -0.5
188 499 0.5
188 503 -0.25
188 507 0.75
188 511 -0.5
188 515 0.75
188 519 0.5
188 523 0.5
188 527 0.25
188 531 -0.75
188 535 0.25
188 539 0.5
188 543 0.75
189 190 -0.25
189 323 0.0
189 327 -0.5
189 331 -0.25
189 335 -0.25
189 339 0.25
189 343 1.0
189 347 0.0
189 351 -1.0
189 355 0.5
189 359 -1.0
189 363 1.0
189 367 1.0
189 371 0.5
189 375 0.0
189 379 -0.75
189 383 0.5
190 191 1.0
190 387 -1.0
190 391 1.0
190 395 0.0
190 399 0.0
190 403 -1.0
190 407 0.75
190 411 -0.25
190 415 0.75
190 419 -0.75
190 423 0.5
190 427 -0.5
190 431 0.75
190 435 -0.75
190 439 -0.25
190 443 0.5
190 447 -0.25
191 192 -0.25
191 451 -0.5
191 455 -0.5
191 459 0.0
191 463 1.0
191 467 0.5
191 471 -0.5
191 475 0.5
191 479 -0.25
191 483 -0.75
191 487 0.75
191 491 0.75
191 495 -0.75
191 499 0.5
191 503 -0.5
191 507 0.0
191 511 0.75
192 515 -0.75
192 519 1.0
192 523 -0.25
192 527 -0.75
192 531 -0.25
192 535 0.5
192 539 -0.25
192 543 -0.75
192 547 0.5
192 551 -0.25
192 555 0.75
192 559 0.75
192 563 0.5
192 567 -0.5
192 571 0.75
192 575 0.75
193 194 0.75
193 197 0.0
193 292 0.5
193 295 1.0
193 300 0.75
193 303 -0.75
193 308 -1.0
193 311 0.0
193 316 0.5
193 319 0.5
193 324 1.0
193 327 0.5
193 332 0.0
193 335 -0.25
193 340 0.75
193 343 -0.25
193 348 1.0
193 351 -0.25
194 195 -0.25
194 197 -0.25
194 198 -0.5
194 356 0.0
194 359 -0.25
194 364 -0.25
194 367 0.0
194 372 0.75
194 375 1.0
194 380 1.0
194 383 -1.0
194 388 0.75
194 391 0.25
194 396 -1.0
194 399 0.5
194 404 -1.0
194 407 0.75
194 412 -0.25
194 415 0.25
195 196 -0.5
195 198 0.0
195 199 0.75
195 420 0.75
195 423 0.25
195 428 -0.75
195 431 0.5
195 436 0.75
195 439 0.75
195 444 -0.5
195 447 -0.5
195 452 1.0
195 455 0.25
195 460 0.5
195 463 0.25
195 468 0.0
195 471 0.5
195 476 0.5
195 479 1.0
196 199 0.5
196 200 -0.25
196 484 0.25
196 487 -0.5
196 492 0.5
196 495 0.0
196 500 1.0
196 503 -1.0
196 508 -0.25
196 511 1.0
196 516 0.75
196 519 0.5
196 524 0.25
196 527 0.5
196 532 0.25
196 535 0.25
196 540 0.25
196 543 -0.75
197 198 0.75
197 324 -1.0
197 327 0.5
197 332 0.5
197 335 0.25
197 340 -0.25
197 343 -0.75
197 348 -0.25
197 351 -0.25
197 356 0.5
197 359 1.0
197 364 0.0
197 367 -0.75
197 372 0.5
197 375 0.5
197 380 -1.0
197 383 -0.25
198 199 0.0
198 388 0.0
198 391 -0.75
198 396 0.75
198 399 -0.75
198 404 0.25
198 407 0.5
198 412 0.5
198 415 1.0
198 420 0.0
198 423 0.75
198 428 0.5
198 431 0.75
198 436 -0.25
198 439 1.0
198 444 0.75
198 447 0.25
199 200 -0.25
199 452 -0.25
199 455 0.75
199 460 -0.75
199 463 0.5
199 468 -1.0
199 471 0.75
199 476 0.5
199 479 -0.25
199 484 -0.5
199 487 0.5
199 492 -0.5
199 495 0.0
199 500 0.0
199 503 -0.75
199 508 -0.5
199 511 -1.0
200 516 -0.75
200 519 0.75
200 524 0.25
200 527 -1.0
200 532 -0.25
200 535 0.75
200 540 -0.5
200 543 -0.5
200 548 -1.0
200 551 0.5
200 556 0.25
200 559 0.75
200 564 -0.75
200 567 -1.0
200 572 -1.0
200 575 0.0
201 202 -0.75
201 205 -0.75
201 292 0.0
201 295 -0.25
201 300 0.75
201 303 1.0
201 308 -0.5
201 311 0.25
201 316 0.75
201 319 0.25
201 324 -1.0
201 327 0.5
201 332 -0.25
201 335 0.75
201 340 0.25
201 343 -1.0
201 348 0.25
201 351 0.25
202 203 -1.0
202 205 0.5
202 206 1.0
202 356 0.5
202 359 -0.75
202 364 0.5
202 367 0.0
202 372 -0.5
202 375 -0.75
202 380 -0.5
202 383 0.0
202 388 -0.75
202 391 1.0
202 396 0.0
202 399 -0.5
202 404 0.75
202 407 -1.0
202 412 -0.25
202 415 0.0
203 204 0.0
203 206 1.0
203 207 0.25
203 420 0.25
203 423 -0.5
203 428 1.0
203 431 1.0
203 436 -0.5
203 439 -0.25
203 444 -1.0
203 447 -0.5
203 452 0.5
203 455 0.0
203 460 1.0
203 463 -0.75
203 468 -1.0
203 471 0.5
203 476 -0.75
203 479 0.0
204 207 0.25
204 208 -1.0
204 484 0.25
204 487 -1.0
204 492 -0.25
204 495 0.25
204 500 -1.0
204 503 0.0
204 508 0.25
204 511 -1.0
204 516 0.25
204 519 0.5
204 524 -0.75
204 527 0.0
204 532 -0.25
204 535 -0.5
204 540 -1.0
204 543 0.75
205 206 -0.75
205 324 1.0
205 327 0.0
205 332 -1.0
205 335 -1.0
205 340 0.75
205 343 1.0
205 348 0.0
205 351 0.75
205 356 0.25
205 359 0.5
205 364 -1.0
205 367 -0.25
205 372 0.25
205 375 0.25
205 380 -0.5
205 383 -0.75
206 207 -0.25
206 388 0.0
206 391 -0.75
206 396 0.0
206 399 -1.0
206 404 -0.75
206 407 -1.0
206 412 1.0
206 415 -0.5
206 420 1.0
206 423 -0.5
206 428 -0.25
206 431 -0.75
206 436 0.5
206 439 0.5
206 444 1.0
206 447 1.0
207 208 -0.5
207 452 0.5
207 455 1.0
207 460 1.0
207 463 -1.0
207 468 0.75
207 471 0.25
207 476 -0.5
207 479 -0.75
207 484 1.0
207 487 0.5
207 492 -0.5
207 495 1.0
207 500 0.0
207 503 0.75
207 508 0.0
207 511 -1.0
208 516 0.0
208 519 -1.0
208 524 -0.75
208 527 -1.0
208 532 -0.5
208 535 -0.5
208 540 -1.0
208 543 0.5
208 548 0.0
208 551 -0.75
208 556 0.5
208 559 -0.75
208 564 -0.25
208 567 0.5
208 572 -0.75
208 575 0.0
209 210 0.0
209 213 -0.5
209 292 -0.75
209 295 0.5
209 300 0.0
209 303 0.75
209 308 -0.25
209 311 -0.5
209 316 -0.25
209 319 1.0
209 324 1.0
209 327 0.75
209 332 -0.75
209 335 -0.25
209 340 -0.75
209 343 -1.0
209 348 -0.25
209 351 -0.75
210 211 -0.75
210 213 -1.0
210 214 1.0
210 356 -1.0
210 359 0.5
210 364 1.0
210 367 -0.25
210 372 -0.75
210 375 -0.25
210 380 1.0
210 383 0.5
210 388 -0.75
210 391 1.0
210 396 -1.0
210 399 -0.75
210 404 1.0
210 407 -0.5
210 412 0.5
210 415 -0.75
211 212 1.0
211 214 -1.0
211 215 -1.0
211 420 0.5
211 423 1.0
211 428 0.5
211 431 0.5
211 436 -0.25
211 439 -0.25
211 444 0.5
211 447 -1.0
211 452 0.5
211 455 -0.75
211 460 -0.75
211 463 1.0
211 468 -0.75
211 471 1.0
211 476 1.0
211 479 -1.0
212 215 -0.25
212 216 -1.0
212 484 0.5
212 487 0.0
212 492 0.75
212 495 1.0
212 500 0.5
212 503 -1.0
212 508 -1.0
212 511 0.25
212 516 0.5
212 519 0.0
212 524 0.0
212 527 -0.75
212 532 0.75
212 535 -0.25
212 540 -1.0
212 543 0.5
213 214 -0.25
213 324 -0.5
213 327 0.25
213 332 -0.25
213 335 0.75
213 340 0.25
213 343 -1.0
213 348 -0.5
213 351 1.0
213 356 0.75
213 359 0.25
213 364 -0.5
213 367 1.0
213 372 -1.0
213 375 -0.75
213 380 0.75
213 383 -0.75
214 215 -0.5
214 388 0.0
214 391 -0.75
214 396 0.25
214 399 0.0
214 404 -0.5
214 407 1.0
214 412 0.5
214 415 -1.0
214 420 1.0
214 423 -1.0
214 428 0.75
214 431 0.75
214 436 -0.75
214 439 0.5
214 444 -0.5
214 447 0.25
215 216 0.25
215 452 -0.5
215 455 0.0
215 460 1.0
215 463 -0.5
215 468 -0.75
215 471 -0.75
215 476 -0.75
215 479 0.75
215 484 0.25
215 487 -1.0
215 492 0.75
215 495 0.75
215 500 -1.0
215 503 -0.75
215 508 0.5
215 511 -0.5
216 516 0.25
216 519 0.25
216 524 -0.25
216 527 0.25
216 532 0.5
216 535 0.25
216 540 0.0
216 543 1.0
216 548 0.5
216 551 0.75
216 556 0.25
216 559 0.0
216 564 0.5
216 567 0.5
216 572 0.5
216 575 -1.0
217 218 -0.25
217 221 0.0
217 292 -0.75
217 295 -1.0
217 300 -0.75
217 303 -0.5
217 308 1.0
217 311 0.0
217 316 0.25
217 319 0.5
217 324 -1.0
217 327 -0.5
217 332 0.0
217 335 1.0
217 340 0.75
217 343 -1.0
217 348 -1.0
217 351 -0.5
218 219 -0.5
218 221 -0.5
218 222 -0.25
218 356 0.25
218 359 0.5
218 364 0.0
218 367 -1.0
218 372 0.25
218 375 0.5
218 380 0.0
218 383 -0.25
218 388 -0.25
218 391 -0.25
218 396 -0.75
218 399 -1.0
218 404 -0.25
218 407 0.0
218 412 -0.5
218 415 0.75
219 220 0.0
219 222 -0.75
219 223 -0.5
219 420 -0.25
219 423 0.75
219 428 -0.75
219 431 -0.75
219 436 1.0
219 439 0.75
219 444 0.75
219 447 -0.25
219 452 -0.75
219 455 0.0
219 460 0.0
219 463 -0.5
219 468 1.0
219 471 0.25
219 476 -0.25
219 479 -0.5
220 223 -0.25
220 224 -1.0
220 484 -0.5
220 487 -0.25
220 492 -1.0
220 495 0.0
220 500 0.25
220 503 0.0
220 508 -0.5
220 511 0.25
220 516 -1.0
220 519 0.5
220 524 1.0
220 527 -1.0
220 532 -0.25
220 535 0.0
220 540 0.25
220 543 -1.0
221 222 -0.75
221 324 0.75
221 327 -1.0
221 332 -0.5
221 335 0.5
221 340 0.0
221 343 -0.25
221 348 0.75
221 351 -0.25
221 356 -0.25
221 359 0.25
221 364 0.5
221 367 -0.75
221 372 0.75
221 375 0.5
221 380 0.75
221 383 0.5
222 223 0.0
222 388 1.0
222 391 -0.75
222 396 0.75
222 399 -0.75
222 404 -0.75
222 407 -1.0
222 412 -0.5
222 415 0.5
222 420 0.25
222 423 0.0
222 428 0.75
222 431 0.75
222 436 0.25
222 439 -0.25
222 444 0.5
222 447 0.5
223 224 0.25
223 452 -0.75
223 455 -0.5
223 460 -1.0
223 463 -0.75
223 468 0.25
223 471 -1.0
223 476 0.75
223 479 -0.25
223 484 0.5
223 487 -0.5
223 492 -0.25
223 495 0.0
223 500 0.5
223 503 -0.25
223 508 0.25
223 511 -0.75
224 516 0.5
224 519 0.0
224 524 0.5
224 527 -0.25
224 532 -0.5
224 535 1.0
224 540 0.5
224 543 -0.75
224 548 -0.5
224 551 0.5
224 556 1.0
224 559 -1.0
224 564 0.0
224 567 1.0
224 572 0.75
224 575 1.0
225 226 0.5
225 229 -0.5
225 292 -0.5
225 296 0.75
225 300 -0.5
225 304 0.0
225 308 0.0
225 312 0.75
225 316 0.75
225 320 0.0
225 324 0.75
225 328 -0.25
225 332 -0.5
225 336 0.5
225 340 0.5
225 344 -0.75
225 348 0.25
225 352 1.0
226 227 -1.0
226 229 0.0
226 230 -0.25
226 356 0.75
226 360 -0.75
226 364 0.25
226 368 0.5
226 372 -0.5
226 376 -0.5
226 380 0.25
226 384 -0.5
226 388 -0.5
226 392 -0.75
226 396 0.5
226 400 -1.0
226 404 0.5
226 408 -0.75
226 412 -0.5
226 416 1.0
227 228 -1.0
227 230 0.25
227 231 0.25
227 420 0.0
227 424 0.75
227 428 -0.25
227 432 1.0
227 436 0.25
227 440 0.0
227 444 -0.75
227 448 -1.0
227 452 -0.25
227 456 0.0
227 460 1.0
227 464 0.5
227 468 -0.5
227 472 0.5
227 476 0.25
227 480 0.25
228 231 -1.0
228 232 -0.25
228 484 0.5
228 488 0.75
228 492 1.0
228 496 -0.5
228 500 -0.75
228 504 -0.5
228 508 -0.75
228 512 0.25
228 516 1.0
228 520 0.5
228 524 -0.5
228 528 1.0
228 532 -0.25
228 536 1.0
228 540 -0.75
228 544 -0.75
229 230 -1.0
229 324 1.0
229 328 -0.5
229 332 0.75
229 336 0.0
229 340 -0.5
229 344 -1.0
229 348 -0.75
229 352 0.25
229 356 0.75
229 360 1.0
229 364 -0.25
229 368 -0.75
229 372 0.75
229 376 1.0
229 380 0.0
229 384 -0.75
230 231 0.0
230 388 0.75
230 392 -0.5
230 396 -0.5
230 400 0.5
230 404 1.0
230 408 -0.5
230 412 -0.5
230 416 -0.25
230 420 -0.5
230 424 1.0
230 428 -0.75
230 432 -0.25
230 436 -1.0
230 440 0.0
230 444 1.0
230 448 0.75
231 232 0.75
231 452 -1.0
231 456 -1.0
231 460 0.0
231 464 0.25
231 468 -0.75
231 472 0.25
231 476 -0.5
231 480 0.75
231 484 0.75
231 488 -0.25
231 492 0.5
231 496 -1.0
231 500 0.5
231 504 0.5
231 508 1.0
231 512 0.75
232 516 0.75
232 520 0.0
232 524 0.5
232 528 -0.75
232 532 -0.25
232 536 0.5
232 540 0.75
232 544 -0.75
232 548 -0.75
232 552 -0.25
232 556 0.0
232 560 -1.0
232 564 0.0
232 568 0.75
232 572 0.75
232 576 0.0
233 234 0.25
233 237 0.75
233 292 0.0
233 296 1.0
233 300 0.5
233 304 1.0
233 308 0.25
233 312 -0.75
233 316 1.0
233 320 -0.75
233 324 0.75
233 328 0.0
233 332 0.0
233 336 1.0
233 340 -0.25
233 344 1.0
233 348 0.25
233 352 -0.5
234 235 -0.75
234 237 1.0
234 238 0.0
234 356 -0.25
234 360 -0.25
234 364 1.0
234 368 -0.75
234 372 -0.75
234 376 1.0
234 380 -0.75
234 384 0.5
234 388 0.75
234 392 0.0
234 396 0.25
234 400 0.75
234 404 0.0
234 408 1.0
234 412 -0.5
234 416 -0.75
235 236 -0.25
235 238 0.25
235 239 0.0
235 420 1.0
235 424 0.75
235 428 0.0
235 432 0.0
235 436 -1.0
235 440 -0.75
235 444 -0.75
235 448 1.0
235 452 -0.5
235 456 0.25
235 460 -1.0
235 464 -1.0
235 468 -0.5
235 472 -1.0
235 476 0.75
235 480 0.75
236 239 0.25
236 240 -0.5
236 484 0.0
236 488 0.25
236 492 -0.75
236 496 1.0
236 500 0.5
236 504 -0.25
236 508 -0.25
236 512 -0.5
236 516 0.0
236 520 0.25
236 524 0.25
236 528 -0.5
236 532 1.0
236 536 0.5
236 540 -1.0
236 544 0.25
237 238 1.0
237 324 0.75
237 328 0.75
237 332 0.25
237 336 0.5
237 340 1.0
237 344 0.0
237 348 0.5
237 352 0.25
237 356 -1.0
237 360 -0.5
237 364 0.0
237 368 1.0
237 372 -1.0
237 376 0.25
237 380 -0.25
237 384 0.75
238 239 0.5
238 388 0.0
238 392 0.0
238 396 0.25
238 400 -0.75
238 404 -0.5
238 408 -0.5
238 412 0.25
238 416 0.5
238 420 0.25
238 424 0.0
238 428 -0.5
238 432 -0.5
238 436 1.0
238 440 -0.5
238 444 0.5
238 448 0.75
239 240 1.0
239 452 -0.25
239 456 -0.75
239 460 -0.75
239 464 1.0
239 468 0.0
239 472 1.0
239 476 0.0
239 480 -0.75
239 484 -0.25
239 488 -0.75
239 492 1.0
239 496 0.0
239 500 -1.0
239 504 -0.75
239 508 -1.0
239 512 0.5
240 516 0.0
240 520 -0.75
240 524 -1.0
240 528 0.5
240 532 0.0
240 536 -0.75
240 540 -0.25
240 544 1.0
240 548 0.5
240 552 -0.5
240 556 0.5
240 560 -0.75
240 564 -1.0
240 568 0.75
240 572 -0.75
240 576 0.0
241 242 -0.5
241 245 0.25
241 292 0.5
241 296 -1.0
241 300 -1.0
241 304 0.25
241 308 -1.0
241 312 -0.25
241 316 0.75
241 320 -1.0
241 324 -0.25
241 328 0.0
241 332 0.25
241 336 1.0
241 340 -0.5
241 344 0.0
241 348 -0.5
241 352 1.0
242 243 -0.5
242 245 0.5
242 246 -0.5
242 356 -0.25
242 360 -1.0
242 364 0.5
242 368 -1.0
242 372 0.25
242 376 -0.5
242 380 0.5
242 384 0.25
242 388 -0.5
242 392 -0.5
242 396 0.25
242 400 -0.25
242 404 -0.75
242 408 -0.25
242 412 -0.5
242 416 -1.0
243 244 -1.0
243 246 0.25
243 247 0.25
243 420 0.0
243 424 -1.0
243 428 -0.25
243 432 0.5
243 436 0.0
243 440 -0.25
243 444 0.5
243 448 0.25
243 452 -1.0
243 456 -0.75
243 460 -0.25
243 464 0.5
243 468 0.25
243 472 -1.0
243 476 0.75
243 480 -1.0
244 247 0.25
244 248 0.75
244 484 -0.75
244 488 -0.25
244 492 -0.5
244 496 -0.5
244 500 0.5
244 504 0.25
244 508 0.5
244 512 0.5
244 516 -0.75
244 520 -0.25
244 524 1.0
244 528 0.0
244 532 -0.75
244 536 0.5
244 540 -0.25
244 544 -0.75
245 246 0.75
245 324 0.25
245 328 -0.75
245 332 0.5
245 336 0.5
245 340 1.0
245 344 1.0
245 348 0.25
245 352 0.5
245 356 0.0
245 360 -1.0
245 364 0.25
245 368 0.25
245 372 1.0
245 376 0.25
245 380 -1.0
245 384 0.5
246 247 -0.25
246 388 -0.25
246 392 -0.5
246 396 -0.25
246 400 0.0
246 404 -0.75
246 408 0.0
246 412 -0.75
246 416 0.0
246 420 0.75
246 424 -1.0
246 428 1.0
246 432 -0.5
246 436 0.25
246 440 0.5
246 444 -0.75
246 448 -0.25
247 248 0.25
247 452 -0.25
247 456 0.5
247 460 1.0
247 464 -0.75
247 468 1.0
247 472 -1.0
247 476 1.0
247 480 0.5
247 484 0.0
247 488 -0.75
247 492 0.75
247 496 0.5
247 500 -0.75
247 504 0.5
247 508 0.25
247 512 -0.5
248 516 0.75
248 520 -0.75
248 524 0.75
248 528 0.25
248 532 0.0
248 536 0.5
248 540 0.75
248 544 0.0
248 548 0.0
248 552 0.5
248 556 0.5
248 560 0.75
248 564 -0.75
248 568 -1.0
248 572 1.0
248 576 0.0
249 250 0.0
249 253 0.25
249 292 0.75
249 296 -1.0
249 300 0.25
249 304 -1.0
249 308 0.25
249 312 0.25
249 316 -1.0
249 320 0.5
249 324 -0.75
249 328 1.0
249 332 0.0
249 336 -1.0
249 340 0.0
249 344 0.25
249 348 0.75
249 352 -0.25
250 251 0.25
250 253 -0.75
250 254 1.0
250 356 -0.25
250 360 0.75
250 364 0.5
250 368 -0.75
250 372 0.75
250 376 0.75
250 380 0.25
250 384 -0.75
250 388 0.25
250 392 1.0
250 396 0.0
250 400 0.75
250 404 -0.5
250 408 0.0
250 412 0.25
250 416 -0.5
251 252 -1.0
251 254 0.25
251 255 1.0
251 420 0.0
251 424 1.0
251 428 0.75
251 432 -0.25
251 436 -0.5
251 440 0.5
251 444 -0.25
251 448 -0.25
251 452 -1.0
251 456 0.25
251 460 1.0
251 464 -1.0
251 468 0.5
251 472 -0.5
251 476 0.0
251 480 -0.25
252 255 -0.5
252 256 0.0
252 484 -0.25
252 488 0.25
252 492 1.0
252 496 -0.25
252 500 1.0
252 504 1.0
252 508 0.0
252 512 -0.5
252 516 1.0
252 520 -0.25
252 524 -0.25
252 528 0.25
252 532 0.5
252 536 -0.75
252 540 -0.25
252 544 -0.25
253 254 -0.25
253 324 -0.75
253 328 0.5
253 332 0.75
253 336 -0.75
253 340 -0.25
253 344 -0.25
253 348 -0.5
253 352 -0.25
253 356 0.0
253 360 1.0
253 364 1.0
253 368 0.5
253 372 0.75
253 376 0.0
253 380 1.0
253 384 -0.5
254 255 -0.25
254 388 0.75
254 392 0.0
254 396 0.25
254 400 0.25
254 404 -0.25
254 408 -0.75
254 412 0.75
254 416 1.0
254 420 0.0
254 424 -0.25
254 428 -0.75
254 432 1.0
254 436 0.25
254 440 0.5
254 444 -0.25
254 448 -0.5
255 256 0.25
255 452 -1.0
255 456 -1.0
255 460 0.0
255 464 0.5
255 468 1.0
255 472 0.5
255 476 0.5
255 480 0.5
255 484 0.25
255 488 0.25
255 492 0.0
255 496 0.75
255 500 0.25
255 504 0.75
255 508 0.5
255 512 1.0
256 516 0.0
256 520 0.25
256 524 0.25
256 528 -1.0
256 532 0.75
256 536 1.0
256 540 -0.25
256 544 -0.75
256 548 1.0
256 552 0.5
256 556 0.0
256 560 0.75
256 564 -0.75
256 568 -0.5
256 572 -1.0
256 576 -1.0
257 258 -0.75
257 261 0.0
257 296 0.0
257 304 -0.5
257 312 -0.5
257 320 -0.25
257 328 -0.75
257 336 -0.5
257 344 -0.25
257 352 0.0
258 259 1.0
258 261 -0.75
258 262 1.0
258 360 0.25
258 368 -1.0
258 376 1.0
258 384 0.75
258 392 -0.25
258 400 -0.75
258 408 0.5
258 416 -1.0
259 260 -0.75
259 262 -0.25
259 263 0.75
259 424 1.0
259 432 0.25
259 440 0.75
259 448 0.25
259 456 -0.25
259 464 0.75
259 472 -1.0
259 480 0.25
260 263 -1.0
260 264 0.25
260 488 0.0
260 496 -1.0
260 504 0.0
260 512 0.25
260 520 -0.25
260 528 -0.25
260 536 1.0
260 544 1.0
261 262 -1.0
261 328 -0.5
261 336 -0.25
261 344 0.0
261 352 0.25
261 360 -0.5
261 368 0.75
261 376 1.0
261 384 -0.75
262 263 0.5
262 392 -0.5
262 400 -0.25
262 408 -0.5
262 416 0.5
262 424 -0.75
262 432 1.0
262 440 0.75
262 448 1.0
263 264 1.0
263 456 0.5
263 464 -1.0
263 472 1.0
263 480 1.0
263 488 0.0
263 496 -1.0
263 504 0.75
263 512 -0.5
264 520 0.0
264 528 -0.5
264 536 0.0
264 544 1.0
264 552 0.0
264 560 -0.25
264 568 0.75
264 576 0.75
265 266 0.0
265 269 0.0
265 296 0.25
265 304 -0.25
265 312 -0.5
265 320 0.25
265 328 -0.25
265 336 1.0
265 344 0.75
265 352 1.0
266 267 0.5
266 269 -0.75
266 270 1.0
266 360 0.0
266 368 -0.75
266 376 -0.25
266 384 -0.75
266 392 -1.0
266 400 1.0
266 408 -0.5
266 416 -0.75
267 268 -0.5
267 270 0.25
267 271 1.0
267 424 0.0
267 432 0.0
267 440 -0.25
267 448 -0.5
267 456 0.25
267 464 -0.25
267 472 0.75
267 480 1.0
268 271 -0.75
268 272 0.5
268 488 -0.5
268 496 -0.25
268 504 -0.5
268 512 0.5
268 520 -0.5
268 528 1.0
268 536 0.5
268 544 0.25
269 270 -0.25
269 328 0.75
269 336 0.25
269 344 1.0
269 352 0.5
269 360 -0.5
269 368 -1.0
269 376 -0.5
269 384 -0.25
270 271 -0.5
270 392 -1.0
270 400 0.5
270 408 0.25
270 416 1.0
270 424 1.0
270 432 -1.0
270 440 -1.0
270 448 0.75
271 272 -0.75
271 456 0.25
271 464 0.75
271 472 -1.0
271 480 -0.75
271 488 -0.75
271 496 0.25
271 504 -1.0
271 512 1.0
272 520 0.25
272 528 0.5
272 536 -0.75
272 544 -0.75
272 552 -1.0
272 560 0.0
272 568 0.0
272 576 0.0
273 274 0.25
273 277 -0.75
273 296 0.25
273 304 -0.25
273 312 0.75
273 320 0.25
273 328 -1.0
273 336 0.75
273 344 -0.75
273 352 -0.25
274 275 0.25
274 277 -1.0
274 278 -0.25
274 360 -1.0
274 368 -0.75
274 376 -0.75
274 384 -0.5
274 392 -1.0
274 400 -1.0
274 408 1.0
274 416 0.25
275 276 0.25
275 278 -0.75
275 279 -0.5
275 424 -1.0
275 432 0.5
275 440 1.0
275 448 -1.0
275 456 0.25
275 464 -0.5
275 472 1.0
275 480 -0.25
276 279 0.5
276 280 -0.75
276 488 0.0
276 496 -1.0
276 504 -0.75
276 512 -0.75
276 520 0.25
276 528 1.0
276 536 -0.5
276 544 -0.75
277 278 1.0
277 328 0.5
277 336 1.0
277 344 0.0
277 352 -0.25
277 360 0.5
277 368 0.0
277 376 -0.75
277 384 -0.5
278 279 0.25
278 392 0.75
278 400 1.0
278 408 0.5
278 416 0.25
278 424 -1.0
278 432 0.0
278 440 0.5
278 448 0.75
279 280 1.0
279 456 -0.5
279 464 0.0
279 472 0.75
279 480 -0.5
279 488 -0.75
279 496 -0.5
279 504 -0.75
279 512 -0.25
280 520 1.0
280 528 -0.75
280 536 0.75
280 544 1.0
280 552 0.25
280 560 0.25
280 568 0.25
280 576 0.75
281 282 0.5
281 285 -0.75
281 296 -0.75
281 304 -0.25
281 312 1.0
281 320 -0.75
281 328 0.0
281 336 1.0
281 344 -1.0
281 352 -1.0
282 283 0.0
282 285 0.25
282 286 0.25
282 360 -0.5
282 368 -0.75
282 376 0.75
282 384 0.0
282 392 -0.75
282 400 -1.0
282 408 -0.25
282 416 -0.5
283 284 -0.25
283 286 -0.5
283 287 -0.5
283 424 0.25
283 432 -0.5
283 440 1.0
283 448 -0.5
283 456 -0.25
283 464 -0.25
283 472 0.75
283 480 0.75
284 287 0.75
284 288 0.25
284 488 0.5
284 496 0.0
284 504 0.5
284 512 -0.75
284 520 -0.5
284 528 0.0
284 536 -0.5
284 544 1.0
285 286 1.0
285 328 0.5
285 336 0.75
285 344 -0.75
285 352 -0.75
285 360 0.5
285 368 -0.5
285 376 1.0
285 384 -1.0
286 287 0.5
286 392 0.0
286 400 0.5
286 408 0.0
286 416 -0.25
286 424 0.5
286 432 0.75
286 440 -0.75
286 448 -0.5
287 288 -0.75
287 456 -0.5
287 464 -0.25
287 472 -0.25
287 480 -0.75
287 488 0.5
287 496 -1.0
287 504 0.75
287 512 1.0
288 520 0.75
288 528 -0.75
288 536 -0.25
288 544 0.0
288 552 -1.0
288 560 0.25
288 568 -0.5
288 576 -0.75
289 290 0.0
289 293 -0.5
290 291 0.0
290 293 0.25
290 294 -0.25
291 292 -1.0
291 294 0.25
291 295 1.0
292 295 0.75
292 296 0.5
293 294 0.5
294 295 1.0
295 296 0.0
297 298 0.5
297 301 1.0
298 299 0.5
298 301 -0.5
298 302 -0.75
299 300 -0.5
299 302 -0.25
299 303 0.25
300 303 -0.75
300 304 1.0
301 302 -1.0
302 303 1.0
303 304 1.0
305 306 -1.0
305 309 -1.0
306 307 -0.75
306 309 -0.75
306 310 -0.5
307 308 0.5
307 310 -0.25
307 311 0.5
308 311 -0.25
308 312 0.0
309 310 -0.5
310 311 -0.75
311 312 -0.25
313 314 0.75
313 317 -0.25
314 315 -0.25
314 317 0.5
314 318 -0.25
315 316 0.25
315 318 -0.25
315 319 -0.25
316 319 1.0
316 320 -0.5
317 318 1.0
318 319 -0.75
319 320 0.5
321 322 1.0
321 325 0.0
322 323 0.75
322 325 -0.25
322 326 1.0
323 324 0.75
323 326 -0.25
323 327 1.0
324 327 -0.25
324 328 0.5
325 326 0.75
326 327 -1.0
327 328 -0.75
329 330 0.5
329 333 0.25
330 331 0.5
330 333 -0.75
330 334 1.0
331 332 0.5
331 334 0.5
331 335 0.5
332 335 0.0
332 336 0.0
333 334 -0.75
334 335 0.5
335 336 0.25
337 338 1.0
337 341 -0.75
338 339 0.75
338 341 -0.25
338 342 -0.25
339 340 -0.5
339 342 0.75
339 343 -0.5
340 343 0.0
340 344 -0.25
341 342 0.25
342 343 1.0
343 344 -1.0
345 346 1.0
345 349 0.25
346 347 -0.5
346 349 0.0
346 350 -1.0
347 348 1.0
347 350 0.75
347 351 0.0
348 351 -1.0
348 352 0.75
349 350 0.5
350 351 0.75
351 352 0.25
353 354 0.5
353 357 -0.75
354 355 0.5
354 357 0.5
354 358 -0.25
355 356 1.0
355 358 -0.25
355 359 0.0
356 359 0.75
356 360 -0.75
357 358 1.0
358 359 1.0
359 360 -0.5
361 362 -1.0
361 365 0.75
362 363 -0.25
362 365 -0.25
362 366 -1.0
363 364 0.0
363 366 -0.5
363 367 1.0
364 367 1.0
364 368 -0.25
365 366 1.0
366 367 0.5
367 368 -0.5
369 370 1.0
369 373 0.25
370 371 0.5
370 373 -1.0
370 374 0.0
371 372 0.0
371 374 0.5
371 375 -0.5
372 375 0.0
372 376 0.25
373 374 -0.75
374 375 1.0
375 376 -0.75
377 378 0.0
377 381 1.0
378 379 0.0
378 381 0.25
378 382 0.5
379 380 -1.0
379 382 0.75
379 383 -0.75
380 383 0.5
380 384 0.25
381 382 0.0
382 383 -0.25
383 384 0.75
385 386 -1.0
385 389 0.0
386 387 0.5
386 389 -0.25
386 390 0.25
387 388 0.0
387 390 0.25
387 391 0.75
388 391 0.5
388 392 0.25
389 390 -0.5
390 391 -0.75
391 392 -0.25
393 394 -0.25
393 397 0.5
394 395 0.5
394 397 -1.0
394 398 0.25
395 396 0.5
395 398 -0.25
395 399 1.0
396 399 -0.75
396 400 0.25
397 398 0.25
398 399 -0.75
399 400 -0.75
401 402 -0.5
401 405 -1.0
402 403 -1.0
402 405 0.0
402 406 0.25
403 404 0.5
403 406 0.25
403 407 0.0
404 407 0.0
404 408 0.5
405 406 -0.5
406 407 -1.0
407 408 -0.75
409 410 0.25
409 413 0.25
410 411 0.25
410 413 -0.5
410 414 -1.0
411 412 1.0
411 414 0.25
411 415 0.75
412 415 -0.75
412 416 -1.0
413 414 -0.5
414 415 1.0
415 416 -1.0
417 418 -0.75
417 421 -0.75
418 419 -1.0
418 421 0.5
418 422 -0.25
419 420 -0.5
419 422 -0.5
419 423 -1.0
420 423 0.0
420 424 -1.0
421 422 -0.75
422 423 0.5
423 424 1.0
425 426 0.5
425 429 1.0
426 427 1.0
426 429 -0.25
426 430 -0.25
427 428 -0.5
427 430 0.75
427 431 1.0
428 431 1.0
428 432 1.0
429 430 0.75
430 431 0.25
431 432 -0.5
433 434 1.0
433 437 -0.75
434 435 0.75
434 437 1.0
434 438 -1.0
435 436 0.75
435 438 0.75
435 439 -1.0
436 439 1.0
436 440 -1.0
437 438 0.0
438 439 0.25
439 440 -0.25
441 442 -0.25
441 445 -0.5
442 443 0.25
442 445 -0.25
442 446 -0.75
443 444 -0.5
443 446 0.25
443 447 0.75
444 447 -1.0
444 448 0.25
445 446 -0.5
446 447 -0.5
447 448 1.0
449 450 0.75
449 453 1.0
450 451 -0.5
450 453 0.5
450 454 0.5
451 452 -0.25
451 454 -1.0
451 455 0.0
452 455 0.25
452 456 -0.25
453 454 -0.25
454 455 -0.25
455 456 -0.5
457 458 -0.5
457 461 -1.0
458 459 -0.25
458 461 1.0
458 462 0.0
459 460 0.75
459 462 -1.0
459 463 -0.25
460 463 -0.25
460 464 0.25
461 462 0.0
462 463 -1.0
463 464 -1.0
465 466 0.25
465 469 -1.0
466 467 0.0
466 469 -0.75
466 470 0.0
467 468 -0.5
467 470 -0.75
467 471 -1.0
468 471 0.25
468 472 0.5
469 470 -0.75
470 471 -1.0
471 472 0.5
473 474 0.5
473 477 0.0
474 475 -0.25
474 477 -0.25
474 478 0.5
475 476 1.0
475 478 0.5
475 479 -1.0
476 479 -0.75
476 480 -0.75
477 478 -0.25
478 479 -0.75
479 480 0.75
481 482 -0.75
481 485 0.75
482 483 -1.0
482 485 -1.0
482 486 -0.75
483 484 0.5
483 486 -1.0
483 487 0.75
484 487 -0.5
484 488 0.5
485 486 1.0
486 487 1.0
487 488 0.75
489 490 -0.5
489 493 0.75
490 491 -0.25
490 493 0.5
490 494 0.75
491 492 0.0
491 494 -0.75
491 495 0.25
492 495 0.25
492 496 0.5
493 494 0.0
494 495 0.75
495 496 1.0
497 498 -0.75
497 501 0.0
498 499 -0.5
498 501 1.0
498 502 -0.5
499 500 -0.5
499 502 0.25
499 503 0.0
500 503 -0.75
500 504 0.25
501 502 0.25
502 503 -0.5
503 504 0.75
505 506 -0.75
505 509 -0.25
506 507 0.75
506 509 1.0
506 510 1.0
507 508 1.0
507 510 -0.75
507 511 1.0
508 511 0.0
508 512 1.0
509 510 0.75
510 511 0.75
511 512 0.0
513 514 -1.0
513 517 -1.0
514 515 1.0
514 517 0.75
514 518 0.0
515 516 0.25
515 518 -1.0
515 519 -1.0
516 519 0.5
516 520 -0.75
517 518 0.25
518 519 0.75
519 520 -1.0
521 522 1.0
521 525 0.5
522 523 0.0
522 525 -0.75
522 526 0.0
523 524 1.0
523 526 -0.25
523 527 -0.25
524 527 -0.5
524 528 -0.25
525 526 -0.25
526 527 0.25
527 528 0.75
529 530 -0.75
529 533 0.0
530 531 -0.25
530 533 0.0
530 534 0.5
531 532 0.5
531 534 0.25
531 535 0.5
532 535 -0.75
532 536 0.0
533 534 -0.5
534 535 0.75
535 536 0.5
537 538 -1.0
537 541 -1.0
538 539 -0.25
538 541 -0.5
538 542 1.0
539 540 0.75
539 542 -0.5
539 543 -0.5
540 543 0.5
540 544 -1.0
541 542 -0.25
542 543 -0.5
543 544 -0.25
545 546 0.5
545 549 -0.25
546 547 -0.5
546 549 0.25
546 550 1.0
547 548 -1.0
547 550 -0.5
547 551 0.25
548 551 -1.0
548 552 -0.75
549 550 -0.75
550 551 0.75
551 552 -0.75
553 554 1.0
553 557 -1.0
554 555 0.75
554 557 0.75
554 558 0.5
555 556 0.75
555 558 -1.0
555 559 0.25
556 559 -0.75
556 560 -0.5
557 558 0.75
558 559 0.5
559 560 -1.0
561 562 1.0
561 565 0.75
562 563 0.0
562 565 -0.75
562 566 -0.5
563 564 -0.25
563 566 0.0
563 567 -1.0
564 567 -0.25
564 568 0.0
565 566 -1.0
566 567 0.0
567 568 0.0
569 570 -0.25
569 573 -0.5
570 571 1.0
570 573 0.25
570 574 -0.75
571 572 -0.75
571 574 -0.5
571 575 0.25
572 575 -0.75
572 576 0.0
573 574 -0.25
574 575 -0.5
575 576 -0.75
