1 1 -1.0
2 2 0.25
3 3 1.0
4 4 -1.0
5 5 0.5
6 6 0.75
7 7 -1.0
8 8 -0.75
9 9 -0.5
10 10 0.0
11 11 0.0
12 12 0.0
13 13 -0.75
14 14 -0.75
15 15 0.5
16 16 0.25
17 17 0.25
18 18 -0.75
19 19 -0.25
20 20 -0.25
21 21 0.75
22 22 -1.0
23 23 0.75
24 24 -0.25
25 25 -0.25
26 26 1.0
27 27 0.0
28 28 -0.25
29 29 -0.25
30 30 0.25
31 31 1.0
32 32 1.0
33 33 0.5
34 34 0.25
35 35 -0.5
36 36 -0.75
37 37 -1.0
38 38 -0.75
39 39 0.0
40 40 1.0
41 41 -0.25
42 42 1.0
43 43 1.0
44 44 0.5
45 45 -0.5
46 46 -1.0
47 47 0.5
48 48 -0.25
49 49 0.0
50 50 -0.25
51 51 0.25
52 52 -0.75
53 53 0.5
54 54 0.0
55 55 0.5
56 56 0.5
57 57 1.0
58 58 -0.5
59 59 0.25
60 60 -1.0
61 61 -1.0
62 62 -1.0
63 63 -0.25
64 64 -0.25
65 65 0.75
66 66 -0.25
67 67 0.25
68 68 -0.25
69 69 0.0
70 70 -1.0
71 71 -1.0
72 72 0.5
73 73 0.75
74 74 0.5
75 75 1.0
76 76 -0.5
77 77 -0.5
78 78 -1.0
79 79 -0.75
80 80 -0.75
81 81 -1.0
82 82 -0.5
83 83 1.0
84 84 -0.25
85 85 -0.75
86 86 0.5
87 87 -0.5
88 88 -0.25
89 89 -0.5
90 90 0.0
91 91 0.5
92 92 1.0
93 93 0.5
94 94 1.0
95 95 0.25
96 96 0.25
97 97 0.5
98 98 -0.25
99 99 -1.0
100 100 -0.5
101 101 -1.0
102 102 0.0
103 103 0.25
104 104 0.5
105 105 0.5
106 106 0.25
107 107 0.5
108 108 1.0
109 109 0.75
110 110 0.5
111 111 0.5
112 112 -0.5
113 113 -1.0
114 114 1.0
115 115 0.5
116 116 0.0
117 117 -1.0
118 118 0.5
119 119 -0.5
120 120 0.5
121 121 0.25
122 122 -0.5
123 123 1.0
124 124 -0.25
125 125 0.5
126 126 0.75
127 127 0.5
128 128 0.75
129 129 0.25
130 130 -0.25
131 131 0.0
132 132 1.0
133 133 0.0
134 134 1.0
135 135 -0.5
136 136 -1.0
137 137 -0.5
138 138 -1.0
139 139 0.25
140 140 0.25
141 141 0.5
142 142 -0.25
143 143 -0.25
144 144 -1.0
145 145 1.0
146 146 0.75
147 147 0.0
148 148 -0.5
149 149 0.75
150 150 -0.25
151 151 1.0
152 152 0.5
153 153 1.0
154 154 0.5
155 155 -0.25
156 156 -1.0
157 157 0.0
158 158 1.0
159 159 -0.25
160 160 0.0
161 161 0.5
162 162 0.25
163 163 0.0
164 164 0.5
165 165 -0.5
166 166 -1.0
167 167 -0.5
168 168 -0.25
169 169 0.0
170 170 0.75
171 171 0.75
172 172 -0.25
173 173 0.75
174 174 -0.25
175 175 0.75
176 176 0.25
177 177 1.0
178 178 0.25
179 179 0.0
180 180 0.5
181 181 -0.25
182 182 -0.25
183 183 -1.0
184 184 -0.25
185 185 0.75
186 186 -0.5
187 187 -0.5
188 188 -0.5
189 189 0.75
190 190 0.75
191 191 1.0
192 192 -0.25
193 193 0.25
194 194 1.0
195 195 -0.75
196 196 1.0
197 197 0.25
198 198 -0.25
199 199 -0.75
200 200 0.25
201 201 0.5
202 202 0.75
203 203 0.75
204 204 -0.5
205 205 -1.0
206 206 -0.5
207 207 0.25
208 208 0.0
209 209 -0.75
210 210 -0.5
211 211 -0.25
212 212 0.25
213 213 1.0
214 214 -0.25
215 215 -0.25
216 216 0.25
217 217 -0.75
218 218 -0.25
219 219 -0.5
220 220 0.5
221 221 0.5
222 222 0.75
223 223 0.25
224 224 0.0
225 225 0.0
226 226 -0.75
227 227 -0.75
228 228 -0.25
229 229 -1.0
230 230 1.0
231 231 -0.75
232 232 -0.25
233 233 -0.5
234 234 0.75
235 235 0.5
236 236 -0.75
237 237 -1.0
238 238 -1.0
239 239 0.0
240 240 -0.75
241 241 -0.5
242 242 0.0
243 243 0.25
244 244 0.75
245 245 -1.0
246 246 0.0
247 247 -0.25
248 248 0.5
249 249 0.0
250 250 0.5
251 251 -0.75
252 252 -0.75
253 253 -0.25
254 254 -0.25
255 255 0.75
256 256 1.0
257 257 -0.75
258 258 -0.75
259 259 -0.5
260 260 -0.75
261 261 0.5
262 262 -0.5
263 263 -0.75
264 264 -1.0
265 265 1.0
266 266 -0.75
267 267 0.75
268 268 -0.5
269 269 -0.5
270 270 -0.25
271 271 0.0
272 272 0.75
273 273 0.75
274 274 -0.25
275 275 0.75
276 276 -0.25
277 277 -0.25
278 278 -0.75
279 279 -1.0
280 280 1.0
281 281 -1.0
282 282 -0.25
283 283 -0.75
284 284 -0.75
285 285 -0.25
286 286 -0.75
287 287 -1.0
288 288 1.0
289 289 0.0
290 290 0.5
291 291 0.25
292 292 0.75
293 293 1.0
294 294 -0.75
295 295 1.0
296 296 0.25
297 297 0.5
298 298 0.0
299 299 -0.25
300 300 1.0
301 301 -0.25
302 302 -1.0
303 303 -0.25
304 304 0.5
305 305 -0.75
306 306 0.0
307 307 -0.75
308 308 -0.75
309 309 0.25
310 310 -0.25
311 311 1.0
312 312 -0.25
313 313 -0.25
314 314 0.75
315 315 -0.5
316 316 0.75
317 317 1.0
318 318 0.75
319 319 -0.5
320 320 0.75
321 321 -1.0
322 322 -1.0
323 323 -0.25
324 324 -1.0
325 325 0.5
326 326 0.25
327 327 -0.25
328 328 1.0
329 329 0.5
330 330 -1.0
331 331 -0.25
332 332 0.75
333 333 -1.0
334 334 0.25
335 335 0.25
336 336 0.0
337 337 1.0
338 338 0.25
339 339 -1.0
340 340 0.0
341 341 0.5
342 342 1.0
343 343 0.5
344 344 -0.25
345 345 -0.25
346 346 0.75
347 347 -0.75
348 348 0.0
349 349 -1.0
350 350 -0.25
351 351 -0.75
352 352 -1.0
353 353 0.5
354 354 -0.25
355 355 0.5
356 356 -1.0
357 357 0.25
358 358 -1.0
359 359 -0.25
360 360 -1.0
361 361 0.75
362 362 0.75
363 363 -0.75
364 364 -1.0
365 365 0.75
366 366 -0.25
367 367 0.0
368 368 0.75
369 369 0.0
370 370 0.0
371 371 -0.5
372 372 -0.75
373 373 0.25
374 374 0.25
375 375 -0.25
376 376 -0.5
377 377 -0.75
378 378 0.0
379 379 0.25
380 380 -0.5
381 381 0.0
382 382 -0.75
383 383 1.0
384 384 -0.75
385 385 -0.25
386 386 -0.25
387 387 -0.5
388 388 1.0
389 389 -0.5
390 390 -0.75
391 391 1.0
392 392 -0.5
393 393 1.0
394 394 -0.25
395 395 0.5
396 396 -0.75
397 397 -0.75
398 398 0.0
399 399 0.75
400 400 -1.0
401 401 1.0
402 402 -0.75
403 403 -1.0
404 404 0.75
405 405 -0.75
406 406 -1.0
407 407 0.25
408 408 -0.75
409 409 0.0
410 410 -0.75
411 411 0.0
412 412 0.25
413 413 0.25
414 414 -1.0
415 415 -0.25
416 416 -0.5
417 417 0.25
418 418 -1.0
419 419 -0.75
420 420 -0.5
421 421 0.75
422 422 0.25
423 423 -0.25
424 424 -0.5
425 425 0.0
426 426 -0.25
427 427 0.0
428 428 -0.75
429 429 1.0
430 430 -0.5
431 431 0.5
432 432 0.25
433 433 0.25
434 434 0.5
435 435 1.0
436 436 0.25
437 437 0.25
438 438 -0.75
439 439 1.0
440 440 0.0
441 441 -0.75
442 442 -0.5
443 443 0.0
444 444 0.75
445 445 0.5
446 446 -0.5
447 447 1.0
448 448 -0.25
449 449 -0.25
450 450 0.5
451 451 -0.75
452 452 0.25
453 453 -0.75
454 454 1.0
455 455 -0.75
456 456 1.0
457 457 -0.5
458 458 0.0
459 459 -0.25
460 460 0.75
461 461 0.5
462 462 1.0
463 463 0.0
464 464 0.75
465 465 0.0
466 466 1.0
467 467 0.0
468 468 1.0
469 469 -1.0
470 470 -0.5
471 471 0.5
472 472 -1.0
473 473 0.25
474 474 -1.0
475 475 0.5
476 476 0.75
477 477 0.0
478 478 -0.5
479 479 -0.25
480 480 -0.75
481 481 -1.0
482 482 0.75
483 483 -1.0
484 484 0.5
485 485 1.0
486 486 0.25
487 487 -0.5
488 488 1.0
489 489 0.0
490 490 0.0
491 491 -1.0
492 492 0.25
493 493 -0.5
494 494 0.0
495 495 -1.0
496 496 0.0
497 497 -1.0
498 498 0.5
499 499 0.5
500 500 0.75
501 501 0.5
502 502 0.0
503 503 0.75
504 504 1.0
505 505 -0.25
506 506 0.25
507 507 0.5
508 508 -0.5
509 509 0.25
510 510 1.0
511 511 0.5
512 512 0.25
513 513 0.0
514 514 -1.0
515 515 -0.5
516 516 -0.75
517 517 -0.25
518 518 0.75
519 519 0.5
520 520 0.5
521 521 0.5
522 522 0.0
523 523 0.75
524 524 -0.5
525 525 -0.5
526 526 -0.5
527 527 0.75
528 528 0.75
529 529 -0.5
530 530 0.0
531 531 -0.25
532 532 0.0
533 533 0.0
534 534 0.5
535 535 -0.25
536 536 0.75
537 537 -0.5
538 538 0.25
539 539 0.0
540 540 -0.5
541 541 0.75
542 542 -0.25
543 543 -0.5
544 544 1.0
545 545 0.5
546 546 1.0
547 547 1.0
548 548 1.0
549 549 -0.75
550 550 -0.75
551 551 0.5
552 552 1.0
553 553 -1.0
554 554 -0.25
555 555 -0.75
556 556 1.0
557 557 0.0
558 558 -1.0
559 559 0.75
560 560 0.75
561 561 -1.0
562 562 -0.25
563 563 0.75
564 564 -0.25
565 565 0.25
566 566 0.75
567 567 0.25
568 568 -0.25
569 569 0.25
570 570 -1.0
571 571 -0.75
572 572 1.0
573 573 -0.5
574 574 -0.75
575 575 0.25
576 576 -0.25
577 577 -1.0
578 578 0.5
579 579 -0.25
580 580 0.5
581 581 -0.5
582 582 0.25
583 583 0.5
584 584 -0.75
585 585 -1.0
586 586 -0.75
587 587 -0.75
588 588 0.75
589 589 0.5
590 590 0.25
591 591 0.0
592 592 0.25
593 593 0.0
594 594 -0.75
595 595 0.0
596 596 0.75
597 597 0.5
598 598 0.0
599 599 -0.75
600 600 0.5
601 601 0.25
602 602 0.0
603 603 0.0
604 604 -0.75
605 605 -0.75
606 606 0.0
607 607 -0.5
608 608 -0.5
609 609 0.5
610 610 -0.5
611 611 0.5
612 612 -1.0
613 613 0.75
614 614 -1.0
615 615 1.0
616 616 -1.0
617 617 0.75
618 618 -0.25
619 619 -1.0
620 620 -0.25
621 621 -1.0
622 622 0.5
623 623 -0.25
624 624 1.0
625 625 0.5
626 626 0.25
627 627 1.0
628 628 1.0
629 629 0.5
630 630 -0.25
631 631 -1.0
632 632 1.0
633 633 -0.5
634 634 0.0
635 635 -1.0
636 636 1.0
637 637 1.0
638 638 0.5
639 639 -0.5
640 640 0.5
641 641 0.75
642 642 0.75
643 643 -0.5
644 644 -0.5
645 645 -0.75
646 646 -0.75
647 647 0.5
648 648 0.25
649 649 0.25
650 650 -0.5
651 651 1.0
652 652 -0.75
653 653 -1.0
654 654 0.75
655 655 -0.5
656 656 -0.25
657 657 -1.0
658 658 -0.5
659 659 0.0
660 660 -0.5
661 661 -0.25
662 662 0.0
663 663 -0.75
664 664 1.0
665 665 -1.0
666 666 -0.75
667 667 -0.75
668 668 -0.25
669 669 -0.25
670 670 0.5
671 671 0.0
672 672 1.0
673 673 0.5
674 674 0.0
675 675 0.25
676 676 -0.75
677 677 -0.5
678 678 -0.25
679 679 -0.25
680 680 -0.25
681 681 -1.0
682 682 1.0
683 683 -1.0
684 684 -0.75
685 685 -0.25
686 686 -0.75
687 687 0.25
688 688 -0.5
689 689 -0.5
690 690 1.0
691 691 -0.25
692 692 0.5
693 693 -0.75
694 694 0.75
695 695 0.5
696 696 -0.25
697 697 0.25
698 698 0.0
699 699 -0.25
700 700 0.0
701 701 -0.25
702 702 1.0
703 703 1.0
704 704 -0.5
705 705 -0.5
706 706 -0.5
707 707 1.0
708 708 0.0
709 709 0.0
710 710 -1.0
711 711 -0.25
712 712 1.0
713 713 1.0
714 714 -0.75
715 715 0.5
716 716 1.0
717 717 0.5
718 718 -0.25
719 719 -0.75
720 720 -0.5
721 721 -0.25
722 722 0.0
723 723 0.75
724 724 0.75
725 725 -0.5
726 726 -0.25
727 727 0.5
728 728 0.75
729 729 -0.5
730 730 0.25
731 731 -1.0
732 732 0.5
733 733 0.0
734 734 -1.0
735 735 -0.75
736 736 1.0
737 737 0.0
738 738 -1.0
739 739 0.5
740 740 -0.5
741 741 -0.25
742 742 1.0
743 743 -0.75
744 744 -0.25
745 745 0.25
746 746 1.0
747 747 0.0
748 748 0.0
749 749 0.75
750 750 -1.0
751 751 0.75
752 752 0.0
753 753 0.0
754 754 1.0
755 755 0.0
756 756 0.5
757 757 -0.5
758 758 -1.0
759 759 -0.75
760 760 0.0
761 761 0.25
762 762 0.0
763 763 0.5
764 764 -0.5
765 765 -0.75
766 766 -1.0
767 767 0.0
768 768 -1.0
769 769 0.5
770 770 -0.75
771 771 0.25
772 772 0.5
773 773 0.75
774 774 0.5
775 775 1.0
776 776 0.5
777 777 -0.25
778 778 -0.75
779 779 0.75
780 780 -1.0
781 781 0.25
782 782 -0.75
783 783 0.75
784 784 1.0
785 785 -0.75
786 786 0.0
787 787 -0.75
788 788 -0.5
789 789 1.0
790 790 -0.25
791 791 0.5
792 792 0.5
793 793 0.5
794 794 0.5
795 795 -0.75
796 796 0.75
797 797 1.0
798 798 0.0
799 799 -0.25
800 800 0.0
801 801 -1.0
802 802 1.0
803 803 -1.0
804 804 -0.25
805 805 0.0
806 806 0.75
807 807 1.0
808 808 0.75
809 809 0.25
810 810 -0.75
811 811 -0.75
812 812 0.75
813 813 -0.5
814 814 -1.0
815 815 0.5
816 816 0.0
817 817 0.5
818 818 0.0
819 819 -0.5
820 820 0.5
821 821 0.0
822 822 0.0
823 823 1.0
824 824 1.0
825 825 0.0
826 826 -0.25
827 827 0.0
828 828 -0.25
829 829 0.0
830 830 0.25
831 831 0.75
832 832 0.5
833 833 0.25
834 834 1.0
835 835 0.5
836 836 0.0
837 837 0.0
838 838 0.25
839 839 -1.0
840 840 0.75
841 841 0.5
842 842 0.5
843 843 0.25
844 844 -0.75
845 845 -0.5
846 846 0.75
847 847 -0.75
848 848 0.25
849 849 0.5
850 850 0.25
851 851 -0.25
852 852 -0.75
853 853 0.75
854 854 0.75
855 855 -0.25
856 856 0.25
857 857 -0.75
858 858 1.0
859 859 0.25
860 860 0.25
861 861 0.5
862 862 -1.0
863 863 1.0
864 864 0.0
865 865 -0.5
866 866 0.75
867 867 -0.75
868 868 -0.75
869 869 0.5
870 870 0.0
871 871 -1.0
872 872 0.25
873 873 -0.75
874 874 -0.25
875 875 -0.75
876 876 0.5
877 877 0.25
878 878 -0.75
879 879 0.25
880 880 0.0
881 881 0.0
882 882 -0.25
883 883 -0.25
884 884 0.5
885 885 1.0
886 886 0.75
887 887 -0.75
888 888 0.0
889 889 0.0
890 890 0.25
891 891 0.25
892 892 0.25
893 893 0.5
894 894 0.25
895 895 0.0
896 896 -0.5
897 897 0.25
898 898 -0.5
899 899 0.0
900 900 0.0
901 901 0.0
902 902 0.75
903 903 -1.0
904 904 -0.25
905 905 -0.25
906 906 -0.5
907 907 0.0
908 908 -0.5
909 909 0.0
910 910 0.0
911 911 0.0
912 912 -0.25
913 913 -1.0
914 914 -0.75
915 915 1.0
916 916 0.5
917 917 -1.0
918 918 0.25
919 919 0.75
920 920 0.0
921 921 0.75
922 922 -0.25
923 923 0.5
924 924 -0.25
925 925 -1.0
926 926 -0.25
927 927 0.75
928 928 -1.0
929 929 0.25
930 930 0.25
931 931 1.0
932 932 -0.25
933 933 0.0
934 934 0.5
935 935 0.75
936 936 -0.5
937 937 0.25
938 938 0.5
939 939 -1.0
940 940 0.25
941 941 0.0
942 942 0.25
943 943 -0.75
944 944 0.5
945 945 -0.25
946 946 -0.5
947 947 -0.25
948 948 -0.25
949 949 0.25
950 950 0.75
951 951 -0.75
952 952 0.0
953 953 -1.0
954 954 1.0
955 955 0.25
956 956 0.25
957 957 0.0
958 958 -0.25
959 959 -1.0
960 960 -1.0
961 961 -0.25
962 962 0.75
963 963 -0.5
964 964 0.0
965 965 -0.5
966 966 1.0
967 967 0.5
968 968 -0.5
969 969 -0.5
970 970 0.5
971 971 1.0
972 972 0.25
973 973 -0.75
974 974 0.25
975 975 1.0
976 976 0.25
977 977 -0.5
978 978 0.25
979 979 0.5
980 980 1.0
981 981 -0.5
982 982 0.5
983 983 -1.0
984 984 -0.75
985 985 0.0
986 986 -0.5
987 987 0.75
988 988 0.75
989 989 0.0
990 990 -0.5
991 991 -1.0
992 992 -0.5
993 993 0.5
994 994 -0.25
995 995 -1.0
996 996 0.5
997 997 -1.0
998 998 -1.0
999 999 0.0
1000 1000 -1.0
1001 1001 -0.5
1002 1002 -0.25
1003 1003 1.0
1004 1004 0.25
1005 1005 -0.25
1006 1006 0.25
1007 1007 -1.0
1008 1008 1.0
1009 1009 -0.5
1010 1010 -0.5
1011 1011 0.75
1012 1012 0.75
1013 1013 0.0
1014 1014 1.0
1015 1015 -1.0
1016 1016 0.75
1017 1017 -0.25
1018 1018 0.25
1019 1019 -1.0
1020 1020 0.25
1021 1021 0.0
1022 1022 0.5
1023 1023 -0.25
1024 1024 0.75
1025 1025 0.5
1026 1026 1.0
1027 1027 0.0
1028 1028 0.25
1029 1029 1.0
1030 1030 -1.0
1031 1031 -1.0
1032 1032 1.0
1033 1033 0.25
1034 1034 -0.5
1035 1035 1.0
1036 1036 0.75
1037 1037 -1.0
1038 1038 0.0
1039 1039 -0.25
1040 1040 0.5
1041 1041 0.0
1042 1042 0.5
1043 1043 0.0
1044 1044 -1.0
1045 1045 -1.0
1046 1046 0.5
1047 1047 -0.5
1048 1048 0.25
1049 1049 -0.25
1050 1050 0.0
1051 1051 0.5
1052 1052 0.75
1053 1053 0.5
1054 1054 0.25
1055 1055 1.0
1056 1056 0.5
1057 1057 0.5
1058 1058 0.25
1059 1059 -0.25
1060 1060 1.0
1061 1061 0.0
1062 1062 -0.25
1063 1063 -0.75
1064 1064 0.5
1065 1065 -0.25
1066 1066 -1.0
1067 1067 1.0
1068 1068 0.75
1069 1069 -0.75
1070 1070 0.75
1071 1071 0.5
1072 1072 0.25
1073 1073 0.25
1074 1074 0.25
1075 1075 0.0
1076 1076 -0.25
1077 1077 1.0
1078 1078 -0.25
1079 1079 -0.75
1080 1080 0.75
1081 1081 0.0
1082 1082 0.75
1083 1083 -0.25
1084 1084 0.75
1085 1085 -0.5
1086 1086 -0.25
1087 1087 0.25
1088 1088 0.5
1089 1089 -0.25
1090 1090 -0.75
1091 1091 -0.75
1092 1092 -0.75
1093 1093 -0.5
1094 1094 -0.5
1095 1095 0.5
1096 1096 0.75
1097 1097 1.0
1098 1098 -0.25
1099 1099 0.75
1100 1100 -0.5
1101 1101 -1.0
1102 1102 1.0
1103 1103 0.0
1104 1104 0.25
1105 1105 -0.25
1106 1106 1.0
1107 1107 -0.75
1108 1108 0.25
1109 1109 0.0
1110 1110 0.5
1111 1111 -0.25
1112 1112 0.0
1113 1113 -0.5
1114 1114 -1.0
1115 1115 0.0
1116 1116 -1.0
1117 1117 0.75
1118 1118 -0.25
1119 1119 1.0
1120 1120 0.75
1121 1121 -1.0
1122 1122 0.5
1123 1123 0.5
1124 1124 0.25
1125 1125 0.0
1126 1126 -1.0
1127 1127 -0.25
1128 1128 -0.25
1129 1129 0.5
1130 1130 1.0
1131 1131 1.0
1132 1132 0.0
1133 1133 0.25
1134 1134 -0.25
1135 1135 1.0
1136 1136 -0.25
1137 1137 -1.0
1138 1138 -1.0
1139 1139 0.75
1140 1140 0.75
1141 1141 0.25
1142 1142 -1.0
1143 1143 -1.0
1144 1144 -0.75
1145 1145 -0.5
1146 1146 -0.75
1147 1147 0.5
1148 1148 -0.25
1149 1149 -1.0
1150 1150 -0.75
1151 1151 1.0
1152 1152 -0.25
1 5 -0.75
1 6 0.25
1 7 0.25
1 8 1.0
1 97 0.5
2 98 -0.5
3 99 0.75
4 100 1.0
5 2 0.75
5 3 -0.25
5 4 -0.5
5 13 0.25
6 2 0.75
6 3 -1.0
6 4 -0.25
6 14 0.0
7 2 -0.25
7 3 0.0
7 4 -0.5
7 15 -0.25
8 2 -0.5
8 3 0.5
8 4 -0.5
8 16 -0.5
9 13 0.75
9 14 -1.0
9 15 -0.5
9 16 0.5
9 105 0.75
10 106 -0.75
11 107 0.5
12 108 0.75
13 10 0.0
13 11 0.25
13 12 -0.5
13 21 0.75
14 10 -0.5
14 11 0.25
14 12 0.25
14 22 1.0
15 10 -0.25
15 11 0.75
15 12 -0.5
15 23 1.0
16 10 -0.75
16 11 0.0
16 12 0.0
16 24 0.5
17 21 0.0
17 22 -0.5
17 23 1.0
17 24 -0.25
17 113 1.0
18 114 -1.0
19 115 -1.0
20 116 0.5
21 18 0.0
21 19 0.25
21 20 0.25
21 29 -0.75
22 18 -1.0
22 19 -0.25
22 20 0.5
22 30 -0.75
23 18 -0.75
23 19 0.0
23 20 -1.0
23 31 -0.75
24 18 -0.5
24 19 -0.25
24 20 -1.0
24 32 -0.75
25 29 -0.75
25 30 0.75
25 31 0.75
25 32 0.75
25 121 0.5
26 122 0.5
27 123 0.75
28 124 -1.0
29 26 0.25
29 27 -1.0
29 28 -0.25
29 37 0.0
30 26 -0.75
30 27 0.75
30 28 1.0
30 38 -0.75
31 26 0.0
31 27 0.0
31 28 -0.75
31 39 -0.75
32 26 -1.0
32 27 0.5
32 28 -0.75
32 40 0.25
33 37 0.75
33 38 0.0
33 39 0.75
33 40 0.5
33 129 0.0
34 130 0.25
35 131 0.75
36 132 0.25
37 34 1.0
37 35 0.5
37 36 1.0
37 45 1.0
38 34 1.0
38 35 -0.75
38 36 0.0
38 46 -0.25
39 34 -0.75
39 35 1.0
39 36 -1.0
39 47 -1.0
40 34 0.25
40 35 0.5
40 36 -0.5
40 48 -0.5
41 45 -0.5
41 46 -0.5
41 47 0.75
41 48 0.0
41 137 0.75
42 138 -1.0
43 139 0.75
44 140 1.0
45 42 0.0
45 43 -0.75
45 44 -1.0
45 53 0.0
46 42 0.75
46 43 1.0
46 44 0.5
46 54 0.5
47 42 -0.75
47 43 0.5
47 44 -0.5
47 55 0.75
48 42 0.5
48 43 0.5
48 44 0.0
48 56 1.0
49 53 0.0
49 54 0.5
49 55 1.0
49 56 0.0
49 145 -0.25
50 146 0.5
51 147 0.75
52 148 -0.5
53 50 0.0
53 51 -0.5
53 52 0.75
53 61 -0.75
54 50 0.25
54 51 -0.25
54 52 -0.5
54 62 -0.25
55 50 -0.25
55 51 1.0
55 52 0.25
55 63 -0.5
56 50 0.5
56 51 -0.5
56 52 0.0
56 64 1.0
57 61 0.75
57 62 -0.5
57 63 -0.75
57 64 1.0
57 153 -1.0
58 154 -0.5
59 155 -0.75
60 156 1.0
61 58 0.0
61 59 -0.75
61 60 -0.5
61 69 0.0
62 58 0.5
62 59 -0.25
62 60 1.0
62 70 0.75
63 58 -0.5
63 59 0.0
63 60 0.5
63 71 0.0
64 58 -0.25
64 59 0.25
64 60 -0.75
64 72 0.25
65 69 -0.5
65 70 -0.5
65 71 1.0
65 72 0.0
65 161 -0.75
66 162 1.0
67 163 0.5
68 164 0.5
69 66 -1.0
69 67 0.75
69 68 0.75
69 77 0.25
70 66 0.75
70 67 -0.5
70 68 0.5
70 78 -0.5
71 66 0.75
71 67 0.5
71 68 0.0
71 79 -0.75
72 66 1.0
72 67 0.75
72 68 0.0
72 80 -1.0
73 77 0.0
73 78 0.25
73 79 0.5
73 80 0.0
73 169 0.25
74 170 -0.25
75 171 0.0
76 172 -1.0
77 74 -1.0
77 75 0.0
77 76 0.25
77 85 1.0
78 74 0.25
78 75 0.25
78 76 0.0
78 86 -0.75
79 74 -0.25
79 75 0.0
79 76 0.75
79 87 -0.25
80 74 -0.75
80 75 -0.75
80 76 0.5
80 88 0.5
81 85 0.5
81 86 -0.25
81 87 1.0
81 88 -1.0
81 177 -0.5
82 178 0.25
83 179 -1.0
84 180 -0.25
85 82 -0.75
85 83 1.0
85 84 0.25
85 93 1.0
86 82 -0.25
86 83 -0.25
86 84 0.75
86 94 0.0
87 82 -1.0
87 83 0.75
87 84 -1.0
87 95 -0.5
88 82 0.0
88 83 0.75
88 84 0.75
88 96 -0.75
89 93 0.75
89 94 0.25
89 95 -1.0
89 96 -0.75
89 185 -0.5
90 186 0.5
91 187 -0.25
92 188 0.25
93 90 0.25
93 91 0.5
93 92 0.5
94 90 0.75
94 91 0.0
94 92 -1.0
95 90 -0.5
95 91 -0.25
95 92 0.5
96 90 1.0
96 91 -0.5
96 92 1.0
97 101 0.75
97 102 0.0
97 103 -0.75
97 104 0.75
97 193 0.25
98 194 -0.75
99 195 1.0
100 196 -0.25
101 98 1.0
101 99 0.25
101 100 -0.5
101 109 0.0
102 98 1.0
102 99 -0.25
102 100 1.0
102 110 1.0
103 98 -0.25
103 99 -1.0
103 100 -0.25
103 111 -0.75
104 98 -0.25
104 99 0.0
104 100 0.75
104 112 0.75
105 109 0.0
105 110 -1.0
105 111 -0.75
105 112 0.0
105 201 -0.75
106 202 0.25
107 203 0.0
108 204 0.25
109 106 -0.5
109 107 -0.25
109 108 0.0
109 117 0.25
110 106 0.5
110 107 0.0
110 108 -0.75
110 118 0.75
111 106 -0.5
111 107 0.0
111 108 1.0
111 119 0.25
112 106 1.0
112 107 -0.5
112 108 0.5
112 120 -0.25
113 117 1.0
113 118 -0.5
113 119 1.0
113 120 0.0
113 209 0.0
114 210 1.0
115 211 1.0
116 212 0.0
117 114 0.75
117 115 0.25
117 116 0.75
117 125 -0.25
118 114 0.25
118 115 -0.25
118 116 0.0
118 126 0.0
119 114 0.5
119 115 -0.75
119 116 -1.0
119 127 0.75
120 114 -0.75
120 115 1.0
120 116 0.0
120 128 -0.5
121 125 1.0
121 126 -0.25
121 127 0.75
121 128 -1.0
121 217 -1.0
122 218 1.0
123 219 0.75
124 220 -0.75
125 122 -1.0
125 123 -1.0
125 124 0.5
125 133 -1.0
126 122 -0.75
126 123 -0.75
126 124 -1.0
126 134 0.0
127 122 1.0
127 123 1.0
127 124 0.0
127 135 1.0
128 122 0.0
128 123 -0.5
128 124 0.25
128 136 -0.75
129 133 1.0
129 134 -0.75
129 135 0.5
129 136 0.75
129 225 -0.75
130 226 0.75
131 227 0.75
132 228 -1.0
133 130 -0.5
133 131 -0.25
133 132 0.75
133 141 0.25
134 130 -1.0
134 131 0.0
134 132 -0.5
134 142 -0.25
135 130 -0.5
135 131 -0.75
135 132 -1.0
135 143 0.0
136 130 0.0
136 131 0.0
136 132 0.25
136 144 0.0
137 141 0.5
137 142 0.75
137 143 -1.0
137 144 -0.75
137 233 0.0
138 234 0.75
139 235 -0.5
140 236 0.0
141 138 -0.25
141 139 -0.5
141 140 0.75
141 149 0.0
142 138 -1.0
142 139 -0.5
142 140 -1.0
142 150 -0.75
143 138 -1.0
143 139 -0.5
143 140 -0.75
143 151 -0.25
144 138 0.0
144 139 0.75
144 140 0.0
144 152 -0.75
145 149 0.25
145 150 1.0
145 151 -0.25
145 152 0.0
145 241 0.0
146 242 -1.0
147 243 -1.0
148 244 -0.25
149 146 -0.5
149 147 0.75
149 148 0.0
149 157 -0.5
150 146 0.5
150 147 0.5
150 148 0.75
150 158 -0.25
151 146 1.0
151 147 0.5
151 148 0.5
151 159 0.25
152 146 -1.0
152 147 1.0
152 148 -0.75
152 160 0.25
153 157 0.25
153 158 -0.5
153 159 0.0
153 160 -0.5
153 249 -1.0
154 250 0.25
155 251 -0.25
156 252 1.0
157 154 0.75
157 155 0.5
157 156 0.0
157 165 -0.75
158 154 -1.0
158 155 -0.75
158 156 0.75
158 166 1.0
159 154 0.0
159 155 0.5
159 156 0.0
159 167 -0.75
160 154 0.0
160 155 -0.75
160 156 -0.25
160 168 0.75
161 165 1.0
161 166 0.0
161 167 -0.25
161 168 -1.0
161 257 -1.0
162 258 0.75
163 259 -0.25
164 260 1.0
165 162 -0.25
165 163 -1.0
165 164 -1.0
165 173 0.75
166 162 0.0
166 163 -0.25
166 164 -0.5
166 174 -0.25
167 162 0.25
167 163 0.5
167 164 -0.5
167 175 -0.25
168 162 0.25
168 163 1.0
168 164 -0.25
168 176 0.5
169 173 0.25
169 174 -0.25
169 175 1.0
169 176 -1.0
169 265 -0.5
170 266 0.75
171 267 0.5
172 268 0.25
173 170 -1.0
173 171 0.75
173 172 -0.75
173 181 0.25
174 170 0.75
174 171 -1.0
174 172 -0.25
174 182 -0.25
175 170 -0.5
175 171 1.0
175 172 -1.0
175 183 0.75
176 170 -0.5
176 171 1.0
176 172 0.5
176 184 1.0
177 181 -1.0
177 182 0.75
177 183 0.75
177 184 -0.5
177 273 -0.5
178 274 -1.0
179 275 -1.0
180 276 0.5
181 178 -0.5
181 179 0.75
181 180 0.75
181 189 0.5
182 178 0.25
182 179 0.0
182 180 -1.0
182 190 0.5
183 178 0.0
183 179 0.25
183 180 -0.25
183 191 -1.0
184 178 0.25
184 179 0.5
184 180 0.5
184 192 -0.75
185 189 -1.0
185 190 0.5
185 191 1.0
185 192 1.0
185 281 0.0
186 282 -0.75
187 283 0.5
188 284 0.75
189 186 0.25
189 187 -0.75
189 188 0.75
190 186 1.0
190 187 0.75
190 188 0.0
191 186 0.0
191 187 0.75
191 188 -0.75
192 186 0.75
192 187 0.0
192 188 -0.5
193 197 0.5
193 198 0.25
193 199 1.0
193 200 0.0
193 289 -0.5
194 290 1.0
195 291 -0.5
196 292 0.25
197 194 -0.25
197 195 -1.0
197 196 0.5
197 205 -1.0
198 194 -0.25
198 195 -0.75
198 196 0.5
198 206 0.25
199 194 0.5
199 195 -1.0
199 196 -0.75
199 207 -0.25
200 194 -1.0
200 195 -0.25
200 196 0.5
200 208 1.0
201 205 1.0
201 206 -0.75
201 207 0.5
201 208 -0.5
201 297 1.0
202 298 0.0
203 299 -1.0
204 300 0.75
205 202 -0.5
205 203 0.0
205 204 0.0
205 213 -0.75
206 202 0.0
206 203 0.0
206 204 -0.5
206 214 1.0
207 202 0.0
207 203 -0.5
207 204 0.75
207 215 1.0
208 202 -0.75
208 203 0.75
208 204 -0.5
208 216 0.75
209 213 -0.75
209 214 -0.25
209 215 -1.0
209 216 0.75
209 305 0.5
210 306 1.0
211 307 -0.5
212 308 -1.0
213 210 0.0
213 211 0.25
213 212 0.0
213 221 1.0
214 210 -0.75
214 211 -0.25
214 212 0.75
214 222 -0.25
215 210 -0.5
215 211 0.75
215 212 -0.5
215 223 -0.25
216 210 0.0
216 211 0.0
216 212 0.5
216 224 0.5
217 221 -0.25
217 222 -0.5
217 223 1.0
217 224 -1.0
217 313 0.25
218 314 -1.0
219 315 -1.0
220 316 1.0
221 218 -0.75
221 219 -0.25
221 220 0.75
221 229 -0.5
222 218 0.25
222 219 0.25
222 220 -0.5
222 230 0.25
223 218 0.0
223 219 0.25
223 220 0.0
223 231 -0.5
224 218 -0.25
224 219 0.25
224 220 0.75
224 232 -0.75
225 229 -0.5
225 230 -0.5
225 231 -0.25
225 232 0.0
225 321 -0.75
226 322 0.75
227 323 0.25
228 324 -0.25
229 226 -0.25
229 227 -0.75
229 228 -1.0
229 237 -0.25
230 226 -0.75
230 227 0.25
230 228 0.5
230 238 -0.25
231 226 -1.0
231 227 1.0
231 228 0.75
231 239 0.0
232 226 0.0
232 227 0.0
232 228 -0.25
232 240 -1.0
233 237 -0.5
233 238 -1.0
233 239 -1.0
233 240 -0.75
233 329 -0.5
234 330 0.25
235 331 -0.5
236 332 -1.0
237 234 -0.5
237 235 -0.5
237 236 0.25
237 245 0.75
238 234 0.5
238 235 -0.25
238 236 0.25
238 246 -0.25
239 234 -1.0
239 235 -1.0
239 236 0.5
239 247 1.0
240 234 -0.75
240 235 0.75
240 236 -0.75
240 248 0.75
241 245 -0.25
241 246 -1.0
241 247 1.0
241 248 0.75
241 337 0.25
242 338 0.5
243 339 -0.75
244 340 0.0
245 242 -0.5
245 243 -0.25
245 244 -0.5
245 253 -1.0
246 242 0.25
246 243 -0.25
246 244 -1.0
246 254 0.5
247 242 0.25
247 243 -0.75
247 244 -0.25
247 255 -0.5
248 242 0.25
248 243 -0.75
248 244 0.0
248 256 0.25
249 253 -0.75
249 254 0.5
249 255 -0.75
249 256 -0.25
249 345 -0.75
250 346 0.5
251 347 0.5
252 348 -0.5
253 250 -1.0
253 251 0.75
253 252 0.0
253 261 0.0
254 250 -0.75
254 251 0.25
254 252 1.0
254 262 -0.75
255 250 -0.25
255 251 -1.0
255 252 -1.0
255 263 -0.5
256 250 -0.5
256 251 -0.75
256 252 -0.75
256 264 -0.75
257 261 -0.25
257 262 0.5
257 263 1.0
257 264 -0.25
257 353 0.5
258 354 0.0
259 355 -1.0
260 356 -0.75
261 258 -0.25
261 259 1.0
261 260 -0.25
261 269 -0.5
262 258 0.0
262 259 -1.0
262 260 0.25
262 270 0.5
263 258 -1.0
263 259 0.25
263 260 0.75
263 271 0.0
264 258 0.25
264 259 -1.0
264 260 -0.75
264 272 -0.5
265 269 -0.75
265 270 0.25
265 271 0.75
265 272 -1.0
265 361 -0.5
266 362 -0.25
267 363 0.0
268 364 0.0
269 266 0.25
269 267 -0.75
269 268 0.0
269 277 -1.0
270 266 -0.5
270 267 0.75
270 268 -0.25
270 278 -0.75
271 266 -1.0
271 267 -1.0
271 268 0.25
271 279 0.5
272 266 1.0
272 267 0.75
272 268 0.5
272 280 0.0
273 277 0.25
273 278 0.75
273 279 0.75
273 280 0.0
273 369 -1.0
274 370 -0.5
275 371 -0.5
276 372 1.0
277 274 -1.0
277 275 -0.25
277 276 1.0
277 285 -1.0
278 274 -0.5
278 275 0.25
278 276 -0.5
278 286 -0.25
279 274 0.75
279 275 0.75
279 276 -0.25
279 287 0.5
280 274 -0.75
280 275 -0.75
280 276 -0.25
280 288 0.75
281 285 0.75
281 286 0.25
281 287 0.25
281 288 1.0
281 377 -0.5
282 378 0.0
283 379 0.25
284 380 -0.5
285 282 -0.75
285 283 -0.25
285 284 -1.0
286 282 -0.75
286 283 -0.25
286 284 -0.75
287 282 0.75
287 283 -0.25
287 284 -0.5
288 282 -0.25
288 283 -0.75
288 284 0.25
289 293 0.75
289 294 0.25
289 295 0.25
289 296 -0.75
289 385 -0.75
290 386 -1.0
291 387 0.5
292 388 0.0
293 290 0.0
293 291 -0.5
293 292 -1.0
293 301 -0.75
294 290 -0.5
294 291 0.5
294 292 0.75
294 302 1.0
295 290 0.25
295 291 -1.0
295 292 0.5
295 303 0.25
296 290 -0.5
296 291 -1.0
296 292 -0.25
296 304 -0.75
297 301 -0.5
297 302 -0.75
297 303 -0.5
297 304 -1.0
297 393 -0.75
298 394 -0.5
299 395 0.5
300 396 -0.75
301 298 -0.25
301 299 0.75
301 300 0.5
301 309 -0.25
302 298 0.0
302 299 -1.0
302 300 -1.0
302 310 0.5
303 298 -0.5
303 299 0.5
303 300 0.0
303 311 1.0
304 298 -0.5
304 299 -0.5
304 300 0.0
304 312 0.5
305 309 0.0
305 310 -0.5
305 311 -0.5
305 312 -1.0
305 401 1.0
306 402 -1.0
307 403 -0.25
308 404 -0.5
309 306 0.5
309 307 -0.25
309 308 -0.25
309 317 -0.75
310 306 -0.5
310 307 1.0
310 308 0.25
310 318 -0.5
311 306 -0.75
311 307 -0.25
311 308 -0.5
311 319 -0.25
312 306 -0.5
312 307 -0.5
312 308 -1.0
312 320 0.5
313 317 1.0
313 318 -0.25
313 319 0.5
313 320 0.75
313 409 0.0
314 410 1.0
315 411 0.5
316 412 0.0
317 314 1.0
317 315 0.75
317 316 -0.75
317 325 -1.0
318 314 0.0
318 315 -0.75
318 316 -0.25
318 326 -0.5
319 314 0.75
319 315 0.5
319 316 0.5
319 327 0.25
320 314 -1.0
320 315 1.0
320 316 0.75
320 328 -0.25
321 325 0.5
321 326 0.0
321 327 0.0
321 328 0.25
321 417 -1.0
322 418 0.5
323 419 -0.75
324 420 0.0
325 322 0.0
325 323 -0.25
325 324 -0.75
325 333 -0.25
326 322 0.75
326 323 -0.75
326 324 0.0
326 334 -1.0
327 322 0.0
327 323 -0.5
327 324 -0.75
327 335 1.0
328 322 -1.0
328 323 0.5
328 324 0.75
328 336 -0.25
329 333 1.0
329 334 -0.25
329 335 1.0
329 336 -0.25
329 425 -0.5
330 426 -0.5
331 427 -0.75
332 428 0.25
333 330 -0.25
333 331 -0.75
333 332 -0.75
333 341 1.0
334 330 -0.5
334 331 -0.75
334 332 -0.75
334 342 -0.25
335 330 0.75
335 331 -1.0
335 332 0.75
335 343 -0.25
336 330 0.25
336 331 0.25
336 332 0.0
336 344 -1.0
337 341 -0.5
337 342 1.0
337 343 -0.5
337 344 -1.0
337 433 -0.5
338 434 0.75
339 435 0.25
340 436 1.0
341 338 -0.25
341 339 0.75
341 340 -0.5
341 349 1.0
342 338 0.5
342 339 -0.5
342 340 -1.0
342 350 -0.25
343 338 -0.5
343 339 0.5
343 340 0.75
343 351 0.0
344 338 -0.75
344 339 -1.0
344 340 0.75
344 352 -1.0
345 349 0.75
345 350 0.5
345 351 -1.0
345 352 -1.0
345 441 -0.25
346 442 0.25
347 443 -1.0
348 444 -0.25
349 346 0.0
349 347 0.5
349 348 -0.75
349 357 -0.25
350 346 -0.25
350 347 1.0
350 348 -0.5
350 358 -0.5
351 346 -0.75
351 347 0.0
351 348 0.25
351 359 0.75
352 346 -0.75
352 347 0.25
352 348 -0.25
352 360 -0.25
353 357 -0.75
353 358 -0.75
353 359 0.25
353 360 0.25
353 449 -0.5
354 450 -0.25
355 451 0.5
356 452 0.75
357 354 -0.75
357 355 0.5
357 356 0.25
357 365 0.5
358 354 0.25
358 355 -0.75
358 356 -0.25
358 366 -0.75
359 354 -1.0
359 355 -0.25
359 356 0.75
359 367 0.0
360 354 -0.5
360 355 0.0
360 356 -0.75
360 368 -0.75
361 365 -0.5
361 366 -0.25
361 367 -0.5
361 368 -0.5
361 457 0.25
362 458 0.0
363 459 -1.0
364 460 1.0
365 362 0.0
365 363 0.5
365 364 0.75
365 373 -0.75
366 362 -0.75
366 363 0.0
366 364 0.75
366 374 0.25
367 362 0.25
367 363 -0.5
367 364 1.0
367 375 0.25
368 362 0.75
368 363 0.75
368 364 -1.0
368 376 0.0
369 373 0.75
369 374 -0.25
369 375 -0.5
369 376 1.0
369 465 0.5
370 466 0.5
371 467 0.25
372 468 -0.25
373 370 0.5
373 371 0.5
373 372 0.0
373 381 -0.5
374 370 -0.5
374 371 1.0
374 372 0.0
374 382 0.75
375 370 0.0
375 371 0.0
375 372 0.0
375 383 -0.25
376 370 0.5
376 371 -1.0
376 372 -1.0
376 384 -0.25
377 381 1.0
377 382 -0.75
377 383 -0.5
377 384 -0.75
377 473 -0.5
378 474 1.0
379 475 0.25
380 476 1.0
381 378 0.75
381 379 0.75
381 380 -1.0
382 378 -0.75
382 379 0.0
382 380 -0.25
383 378 0.5
383 379 0.25
383 380 0.0
384 378 -0.75
384 379 -0.75
384 380 -0.5
385 389 0.5
385 390 -0.25
385 391 0.75
385 392 1.0
385 481 0.25
386 482 0.75
387 483 0.5
388 484 -1.0
389 386 -0.25
389 387 0.75
389 388 -0.5
389 397 0.25
390 386 0.5
390 387 -0.5
390 388 1.0
390 398 -1.0
391 386 -0.75
391 387 1.0
391 388 -0.75
391 399 0.0
392 386 0.0
392 387 0.75
392 388 0.0
392 400 0.0
393 397 0.0
393 398 -0.75
393 399 0.25
393 400 0.5
393 489 -0.25
394 490 -1.0
395 491 0.25
396 492 -0.75
397 394 -0.25
397 395 0.5
397 396 -0.25
397 405 -0.25
398 394 -0.75
398 395 -0.25
398 396 0.75
398 406 -0.75
399 394 -0.25
399 395 1.0
399 396 0.5
399 407 0.25
400 394 0.75
400 395 -1.0
400 396 0.75
400 408 -0.5
401 405 -0.25
401 406 0.0
401 407 0.25
401 408 -0.25
401 497 0.75
402 498 0.75
403 499 -0.5
404 500 -1.0
405 402 0.5
405 403 -0.75
405 404 -0.25
405 413 -0.75
406 402 0.75
406 403 1.0
406 404 0.0
406 414 0.5
407 402 0.75
407 403 -0.25
407 404 -0.25
407 415 0.0
408 402 -1.0
408 403 1.0
408 404 -0.25
408 416 -0.25
409 413 0.0
409 414 0.5
409 415 -0.75
409 416 -0.75
409 505 -0.5
410 506 -1.0
411 507 0.0
412 508 1.0
413 410 -1.0
413 411 0.75
413 412 0.5
413 421 0.0
414 410 1.0
414 411 0.5
414 412 -0.75
414 422 1.0
415 410 1.0
415 411 -0.25
415 412 0.25
415 423 0.0
416 410 -0.75
416 411 -1.0
416 412 -0.5
416 424 -0.5
417 421 0.5
417 422 0.25
417 423 0.75
417 424 -1.0
417 513 -0.5
418 514 0.75
419 515 1.0
420 516 -0.75
421 418 1.0
421 419 -0.5
421 420 0.25
421 429 -0.25
422 418 -0.25
422 419 1.0
422 420 1.0
422 430 1.0
423 418 1.0
423 419 0.5
423 420 0.5
423 431 0.25
424 418 0.5
424 419 -1.0
424 420 0.5
424 432 0.0
425 429 0.25
425 430 -0.25
425 431 0.5
425 432 0.0
425 521 -0.75
426 522 0.5
427 523 -1.0
428 524 -0.25
429 426 -1.0
429 427 -0.75
429 428 0.5
429 437 0.0
430 426 0.0
430 427 0.0
430 428 -0.25
430 438 1.0
431 426 -0.5
431 427 0.5
431 428 -0.5
431 439 -0.75
432 426 -0.5
432 427 -0.75
432 428 0.0
432 440 -1.0
433 437 0.0
433 438 1.0
433 439 -0.75
433 440 -0.5
433 529 0.75
434 530 -0.5
435 531 0.5
436 532 1.0
437 434 0.25
437 435 0.5
437 436 1.0
437 445 -0.25
438 434 0.25
438 435 0.0
438 436 0.0
438 446 0.75
439 434 -0.25
439 435 -1.0
439 436 0.0
439 447 -0.75
440 434 -0.5
440 435 0.25
440 436 -0.5
440 448 1.0
441 445 0.0
441 446 0.75
441 447 0.75
441 448 0.25
441 537 0.75
442 538 1.0
443 539 0.5
444 540 0.5
445 442 0.0
445 443 -1.0
445 444 -0.25
445 453 -1.0
446 442 -0.75
446 443 0.75
446 444 -0.75
446 454 0.75
447 442 0.75
447 443 -0.25
447 444 1.0
447 455 0.75
448 442 -0.75
448 443 0.0
448 444 -0.25
448 456 -1.0
449 453 1.0
449 454 0.75
449 455 -1.0
449 456 0.0
449 545 -0.5
450 546 0.0
451 547 1.0
452 548 -0.75
453 450 0.5
453 451 -0.5
453 452 0.5
453 461 -0.5
454 450 -0.25
454 451 0.5
454 452 0.5
454 462 0.25
455 450 -1.0
455 451 0.25
455 452 0.0
455 463 0.5
456 450 -0.25
456 451 -0.5
456 452 -0.75
456 464 0.0
457 461 0.75
457 462 -0.5
457 463 -0.75
457 464 -0.25
457 553 0.25
458 554 -0.25
459 555 -0.75
460 556 0.25
461 458 1.0
461 459 -0.75
461 460 0.75
461 469 1.0
462 458 -0.5
462 459 0.0
462 460 -0.75
462 470 0.5
463 458 -0.75
463 459 -0.75
463 460 -0.25
463 471 -0.5
464 458 -1.0
464 459 0.5
464 460 -0.5
464 472 -1.0
465 469 -1.0
465 470 0.75
465 471 0.5
465 472 1.0
465 561 0.25
466 562 0.75
467 563 1.0
468 564 0.25
469 466 0.75
469 467 0.0
469 468 0.25
469 477 -0.5
470 466 -0.75
470 467 -0.5
470 468 0.25
470 478 0.25
471 466 0.25
471 467 -0.5
471 468 -0.5
471 479 -0.75
472 466 -1.0
472 467 0.75
472 468 -1.0
472 480 -0.5
473 477 -1.0
473 478 0.75
473 479 -0.5
473 480 -1.0
473 569 1.0
474 570 0.25
475 571 -1.0
476 572 0.75
477 474 0.75
477 475 0.0
477 476 -1.0
478 474 0.0
478 475 0.75
478 476 0.75
479 474 0.0
479 475 0.0
479 476 -1.0
480 474 -0.75
480 475 1.0
480 476 0.75
481 485 0.75
481 486 -0.25
481 487 1.0
481 488 0.25
481 577 -0.5
482 578 -0.5
483 579 -0.25
484 580 0.5
485 482 -0.5
485 483 0.75
485 484 -1.0
485 493 0.25
486 482 0.0
486 483 1.0
486 484 0.75
486 494 0.5
487 482 0.5
487 483 0.25
487 484 -0.75
487 495 1.0
488 482 0.5
488 483 0.25
488 484 0.0
488 496 1.0
489 493 0.75
489 494 0.5
489 495 -1.0
489 496 0.5
489 585 -0.25
490 586 -0.5
491 587 0.25
492 588 -0.75
493 490 -1.0
493 491 0.25
493 492 -0.75
493 501 -0.75
494 490 0.0
494 491 -0.25
494 492 1.0
494 502 0.5
495 490 1.0
495 491 0.25
495 492 1.0
495 503 -1.0
496 490 -0.75
496 491 -1.0
496 492 -1.0
496 504 0.75
497 501 -0.5
497 502 0.25
497 503 0.25
497 504 1.0
497 593 0.0
498 594 -0.75
499 595 0.25
500 596 0.75
501 498 0.25
501 499 0.25
501 500 -0.5
501 509 0.25
502 498 0.25
502 499 0.5
502 500 0.75
502 510 0.5
503 498 -0.25
503 499 -1.0
503 500 0.75
503 511 0.5
504 498 0.0
504 499 -0.25
504 500 -1.0
504 512 -0.75
505 509 0.0
505 510 -1.0
505 511 1.0
505 512 0.5
505 601 0.5
506 602 0.5
507 603 -1.0
508 604 -0.75
509 506 0.0
509 507 0.25
509 508 0.25
509 517 -0.25
510 506 -0.75
510 507 -0.5
510 508 0.25
510 518 0.25
511 506 0.0
511 507 0.0
511 508 -0.75
511 519 0.75
512 506 0.5
512 507 -1.0
512 508 -0.25
512 520 0.5
513 517 -1.0
513 518 -1.0
513 519 -0.75
513 520 -0.25
513 609 0.5
514 610 0.0
515 611 0.75
516 612 1.0
517 514 0.75
517 515 0.25
517 516 -0.75
517 525 0.25
518 514 0.0
518 515 -1.0
518 516 -1.0
518 526 1.0
519 514 0.75
519 515 0.75
519 516 1.0
519 527 -0.75
520 514 0.0
520 515 0.75
520 516 1.0
520 528 0.75
521 525 0.5
521 526 0.5
521 527 0.25
521 528 0.75
521 617 0.75
522 618 -1.0
523 619 0.0
524 620 -0.5
525 522 0.25
525 523 -0.5
525 524 0.0
525 533 -0.25
526 522 -0.5
526 523 -0.75
526 524 0.75
526 534 0.0
527 522 1.0
527 523 -0.75
527 524 -1.0
527 535 -0.75
528 522 0.75
528 523 -0.75
528 524 -1.0
528 536 -0.25
529 533 -0.5
529 534 -0.25
529 535 -1.0
529 536 0.0
529 625 -0.25
530 626 0.75
531 627 -1.0
532 628 -1.0
533 530 -1.0
533 531 -0.25
533 532 -0.75
533 541 0.75
534 530 0.0
534 531 -0.75
534 532 -0.5
534 542 -1.0
535 530 -0.75
535 531 -0.5
535 532 -0.5
535 543 -0.5
536 530 -1.0
536 531 -0.75
536 532 -1.0
536 544 -1.0
537 541 0.0
537 542 0.0
537 543 -0.25
537 544 -0.75
537 633 -0.75
538 634 0.5
539 635 -0.25
540 636 -0.75
541 538 -0.25
541 539 0.0
541 540 -0.5
541 549 -0.25
542 538 0.25
542 539 0.0
542 540 -0.25
542 550 -0.75
543 538 -0.75
543 539 -0.25
543 540 -0.75
543 551 0.25
544 538 0.75
544 539 1.0
544 540 0.5
544 552 -0.5
545 549 -0.25
545 550 1.0
545 551 0.25
545 552 0.0
545 641 -0.5
546 642 0.5
547 643 -0.25
548 644 -0.5
549 546 -0.5
549 547 0.5
549 548 0.25
549 557 0.0
550 546 0.75
550 547 0.25
550 548 -0.25
550 558 -1.0
551 546 0.75
551 547 -0.75
551 548 0.75
551 559 0.5
552 546 0.25
552 547 -1.0
552 548 0.75
552 560 0.25
553 557 1.0
553 558 -0.75
553 559 -0.25
553 560 0.0
553 649 -0.25
554 650 -1.0
555 651 0.0
556 652 1.0
557 554 0.75
557 555 -0.5
557 556 -0.75
557 565 -1.0
558 554 -0.5
558 555 -0.5
558 556 0.25
558 566 0.75
559 554 -0.5
559 555 1.0
559 556 -0.25
559 567 0.75
560 554 0.5
560 555 0.75
560 556 0.0
560 568 -0.25
561 565 1.0
561 566 0.5
561 567 -1.0
561 568 0.75
561 657 -0.25
562 658 -0.75
563 659 -0.5
564 660 -1.0
565 562 1.0
565 563 0.75
565 564 -0.75
565 573 0.0
566 562 -0.5
566 563 0.25
566 564 -0.75
566 574 -0.5
567 562 -0.75
567 563 0.75
567 564 1.0
567 575 -0.5
568 562 0.75
568 563 0.75
568 564 -0.75
568 576 0.0
569 573 -0.75
569 574 0.0
569 575 0.0
569 576 0.75
569 665 -0.5
570 666 -0.25
571 667 0.75
572 668 0.0
573 570 -0.5
573 571 0.75
573 572 -0.25
574 570 0.0
574 571 0.0
574 572 0.25
575 570 1.0
575 571 -1.0
575 572 -0.5
576 570 -1.0
576 571 0.5
576 572 0.0
577 581 0.5
577 582 0.75
577 583 0.75
577 584 0.75
577 673 -0.75
578 674 0.25
579 675 0.5
580 676 -1.0
581 578 -0.25
581 579 1.0
581 580 1.0
581 589 0.25
582 578 0.5
582 579 0.0
582 580 -0.25
582 590 -0.75
583 578 -0.25
583 579 0.5
583 580 0.75
583 591 -1.0
584 578 -1.0
584 579 -0.5
584 580 0.0
584 592 0.0
585 589 0.0
585 590 -0.5
585 591 0.25
585 592 -0.5
585 681 0.75
586 682 0.0
587 683 1.0
588 684 0.25
589 586 0.25
589 587 -0.5
589 588 1.0
589 597 -1.0
590 586 -0.25
590 587 -0.5
590 588 1.0
590 598 1.0
591 586 1.0
591 587 1.0
591 588 0.75
591 599 0.75
592 586 1.0
592 587 1.0
592 588 0.5
592 600 1.0
593 597 0.75
593 598 -0.75
593 599 -1.0
593 600 0.5
593 689 1.0
594 690 -0.25
595 691 0.25
596 692 -1.0
597 594 -0.25
597 595 0.5
597 596 0.25
597 605 1.0
598 594 -1.0
598 595 0.0
598 596 -0.75
598 606 0.75
599 594 0.5
599 595 0.75
599 596 0.0
599 607 0.25
600 594 -0.75
600 595 -1.0
600 596 -0.25
600 608 -0.5
601 605 -0.75
601 606 -0.5
601 607 1.0
601 608 -0.5
601 697 -0.75
602 698 -0.5
603 699 -0.5
604 700 -0.75
605 602 0.75
605 603 -0.25
605 604 0.5
605 613 0.5
606 602 0.0
606 603 -0.25
606 604 0.0
606 614 -1.0
607 602 0.75
607 603 -0.75
607 604 0.25
607 615 0.75
608 602 -0.25
608 603 -0.75
608 604 0.0
608 616 -0.5
609 613 -0.25
609 614 0.0
609 615 0.0
609 616 -0.5
609 705 0.25
610 706 0.5
611 707 0.0
612 708 1.0
613 610 -0.5
613 611 1.0
613 612 -1.0
613 621 0.0
614 610 -1.0
614 611 -0.25
614 612 -0.25
614 622 0.0
615 610 0.75
615 611 0.25
615 612 0.0
615 623 0.0
616 610 -0.75
616 611 0.75
616 612 0.0
616 624 0.5
617 621 0.75
617 622 -1.0
617 623 0.75
617 624 -1.0
617 713 1.0
618 714 0.25
619 715 0.0
620 716 0.25
621 618 -1.0
621 619 0.75
621 620 0.75
621 629 -0.75
622 618 -0.75
622 619 0.75
622 620 -0.75
622 630 1.0
623 618 0.25
623 619 -0.75
623 620 0.5
623 631 -0.75
624 618 0.75
624 619 -0.75
624 620 0.5
624 632 0.0
625 629 0.25
625 630 0.0
625 631 -1.0
625 632 -0.5
625 721 0.75
626 722 0.0
627 723 0.25
628 724 -0.25
629 626 1.0
629 627 -0.75
629 628 0.75
629 637 -0.5
630 626 -0.5
630 627 0.75
630 628 0.5
630 638 0.0
631 626 0.75
631 627 1.0
631 628 0.25
631 639 -1.0
632 626 0.25
632 627 0.0
632 628 -0.25
632 640 0.0
633 637 0.25
633 638 -0.75
633 639 -0.25
633 640 -0.5
633 729 -1.0
634 730 0.75
635 731 -1.0
636 732 0.0
637 634 0.0
637 635 0.0
637 636 -1.0
637 645 -0.75
638 634 0.5
638 635 -1.0
638 636 0.75
638 646 -0.75
639 634 0.5
639 635 0.5
639 636 -0.25
639 647 -0.5
640 634 -0.75
640 635 0.75
640 636 -1.0
640 648 0.5
641 645 -0.75
641 646 -0.25
641 647 1.0
641 648 0.75
641 737 -0.5
642 738 -1.0
643 739 0.75
644 740 -0.75
645 642 1.0
645 643 0.25
645 644 -0.25
645 653 0.5
646 642 -0.25
646 643 -0.25
646 644 0.75
646 654 0.25
647 642 1.0
647 643 0.75
647 644 0.75
647 655 0.0
648 642 -1.0
648 643 0.0
648 644 -1.0
648 656 -0.5
649 653 -0.5
649 654 0.25
649 655 -0.5
649 656 1.0
649 745 -0.25
650 746 -1.0
651 747 0.25
652 748 -0.75
653 650 -0.75
653 651 0.5
653 652 0.5
653 661 0.25
654 650 1.0
654 651 1.0
654 652 0.25
654 662 0.5
655 650 0.0
655 651 0.0
655 652 0.5
655 663 -0.25
656 650 -0.5
656 651 0.25
656 652 1.0
656 664 -0.5
657 661 0.5
657 662 0.5
657 663 -0.25
657 664 1.0
657 753 -1.0
658 754 -0.25
659 755 0.75
660 756 0.0
661 658 0.25
661 659 -0.75
661 660 1.0
661 669 0.5
662 658 -0.25
662 659 -0.25
662 660 -1.0
662 670 -1.0
663 658 0.75
663 659 0.0
663 660 0.75
663 671 -0.25
664 658 -0.75
664 659 -0.5
664 660 -0.75
664 672 -0.25
665 669 0.0
665 670 1.0
665 671 -1.0
665 672 -0.75
665 761 0.0
666 762 -0.75
667 763 -1.0
668 764 0.25
669 666 0.5
669 667 0.75
669 668 0.5
670 666 1.0
670 667 -1.0
670 668 -0.75
671 666 1.0
671 667 0.75
671 668 -0.5
672 666 0.75
672 667 -0.5
672 668 0.75
673 677 -1.0
673 678 -0.5
673 679 -0.5
673 680 -0.5
673 769 0.75
674 770 0.75
675 771 0.0
676 772 -0.75
677 674 0.5
677 675 1.0
677 676 0.0
677 685 0.0
678 674 -1.0
678 675 -0.5
678 676 -0.75
678 686 0.75
679 674 0.5
679 675 0.0
679 676 0.25
679 687 0.5
680 674 0.75
680 675 -1.0
680 676 0.25
680 688 0.5
681 685 -0.5
681 686 1.0
681 687 -1.0
681 688 -0.5
681 777 0.25
682 778 -0.75
683 779 -1.0
684 780 0.5
685 682 1.0
685 683 -1.0
685 684 0.75
685 693 0.5
686 682 -0.5
686 683 0.25
686 684 1.0
686 694 -0.75
687 682 0.25
687 683 0.0
687 684 0.0
687 695 0.75
688 682 0.75
688 683 1.0
688 684 0.5
688 696 0.0
689 693 0.5
689 694 -0.25
689 695 0.0
689 696 -0.75
689 785 1.0
690 786 -0.75
691 787 -0.5
692 788 0.75
693 690 1.0
693 691 1.0
693 692 -0.25
693 701 0.0
694 690 -1.0
694 691 1.0
694 692 -0.5
694 702 -0.75
695 690 -0.5
695 691 -0.5
695 692 1.0
695 703 0.0
696 690 0.25
696 691 -1.0
696 692 -0.5
696 704 0.25
697 701 0.75
697 702 -0.5
697 703 0.0
697 704 0.5
697 793 0.5
698 794 0.25
699 795 -0.25
700 796 -0.75
701 698 0.0
701 699 0.0
701 700 -0.5
701 709 0.5
702 698 0.25
702 699 -0.5
702 700 -1.0
702 710 -0.5
703 698 1.0
703 699 -0.75
703 700 -0.5
703 711 0.25
704 698 0.0
704 699 0.5
704 700 -0.25
704 712 1.0
705 709 1.0
705 710 0.75
705 711 1.0
705 712 -0.5
705 801 0.75
706 802 0.0
707 803 0.0
708 804 -0.75
709 706 -1.0
709 707 0.0
709 708 0.25
709 717 0.25
710 706 -0.25
710 707 0.5
710 708 1.0
710 718 1.0
711 706 0.5
711 707 1.0
711 708 -0.5
711 719 0.25
712 706 0.5
712 707 -1.0
712 708 0.5
712 720 0.25
713 717 0.25
713 718 0.5
713 719 -0.25
713 720 -0.25
713 809 1.0
714 810 -0.25
715 811 1.0
716 812 0.75
717 714 0.25
717 715 -0.5
717 716 1.0
717 725 -1.0
718 714 1.0
718 715 1.0
718 716 -0.25
718 726 1.0
719 714 0.0
719 715 0.5
719 716 0.75
719 727 0.0
720 714 0.0
720 715 -0.75
720 716 -1.0
720 728 1.0
721 725 0.5
721 726 0.5
721 727 0.5
721 728 -0.75
721 817 -1.0
722 818 0.5
723 819 0.5
724 820 -0.25
725 722 0.0
725 723 -0.5
725 724 -0.25
725 733 0.75
726 722 0.5
726 723 0.5
726 724 -0.25
726 734 -0.5
727 722 0.5
727 723 -0.5
727 724 1.0
727 735 -0.75
728 722 -0.75
728 723 1.0
728 724 0.5
728 736 -0.75
729 733 -0.25
729 734 0.5
729 735 0.25
729 736 1.0
729 825 -1.0
730 826 0.75
731 827 1.0
732 828 0.25
733 730 -0.25
733 731 0.75
733 732 1.0
733 741 0.25
734 730 -0.25
734 731 -0.25
734 732 0.75
734 742 -0.25
735 730 -1.0
735 731 -0.25
735 732 0.0
735 743 -0.5
736 730 1.0
736 731 0.25
736 732 0.5
736 744 0.0
737 741 -0.25
737 742 -0.25
737 743 0.25
737 744 -0.75
737 833 -0.5
738 834 0.25
739 835 0.5
740 836 0.5
741 738 -1.0
741 739 0.25
741 740 -0.5
741 749 -0.75
742 738 -0.5
742 739 -1.0
742 740 0.0
742 750 -0.5
743 738 0.5
743 739 1.0
743 740 1.0
743 751 -0.75
744 738 0.75
744 739 0.25
744 740 0.5
744 752 -0.5
745 749 -1.0
745 750 -0.5
745 751 0.0
745 752 0.0
745 841 -1.0
746 842 -1.0
747 843 -0.5
748 844 0.0
749 746 -0.5
749 747 -0.25
749 748 0.25
749 757 -0.5
750 746 -0.25
750 747 0.25
750 748 0.5
750 758 -1.0
751 746 -1.0
751 747 -0.75
751 748 -0.75
751 759 0.25
752 746 -0.25
752 747 -0.5
752 748 0.5
752 760 -0.25
753 757 0.0
753 758 -0.5
753 759 -1.0
753 760 -0.75
753 849 -1.0
754 850 -0.75
755 851 1.0
756 852 0.5
757 754 0.25
757 755 -0.25
757 756 0.5
757 765 0.75
758 754 1.0
758 755 0.0
758 756 -0.25
758 766 -0.75
759 754 -0.5
759 755 1.0
759 756 -0.5
759 767 0.5
760 754 -0.5
760 755 0.0
760 756 -0.25
760 768 -0.5
761 765 -0.75
761 766 -0.25
761 767 0.0
761 768 0.5
761 857 0.75
762 858 0.0
763 859 -0.5
764 860 -1.0
765 762 -0.25
765 763 0.5
765 764 0.0
766 762 -0.25
766 763 0.0
766 764 -0.75
767 762 0.5
767 763 -1.0
767 764 -0.5
768 762 -0.5
768 763 -0.25
768 764 -0.75
769 773 0.25
769 774 0.75
769 775 0.5
769 776 0.0
769 865 0.75
770 866 -0.5
771 867 -1.0
772 868 0.25
773 770 -0.5
773 771 0.0
773 772 -0.5
773 781 -1.0
774 770 0.5
774 771 -0.75
774 772 0.75
774 782 -0.5
775 770 0.5
775 771 0.5
775 772 -0.75
775 783 -0.75
776 770 0.75
776 771 -1.0
776 772 -0.5
776 784 -0.25
777 781 0.75
777 782 -0.5
777 783 -0.25
777 784 1.0
777 873 -1.0
778 874 0.75
779 875 -0.25
780 876 -0.75
781 778 -0.75
781 779 0.5
781 780 -0.25
781 789 0.75
782 778 0.25
782 779 -0.75
782 780 0.5
782 790 0.75
783 778 0.25
783 779 -0.75
783 780 -0.75
783 791 1.0
784 778 0.75
784 779 -0.75
784 780 -1.0
784 792 0.0
785 789 -0.5
785 790 -0.75
785 791 -0.25
785 792 -0.75
785 881 1.0
786 882 0.0
787 883 0.75
788 884 1.0
789 786 -1.0
789 787 -1.0
789 788 -0.75
789 797 -0.75
790 786 1.0
790 787 0.5
790 788 0.0
790 798 1.0
791 786 -1.0
791 787 0.25
791 788 -0.5
791 799 -0.75
792 786 -0.25
792 787 -0.75
792 788 0.0
792 800 -0.25
793 797 0.0
793 798 -1.0
793 799 -0.5
793 800 -1.0
793 889 0.5
794 890 0.5
795 891 -0.75
796 892 -1.0
797 794 0.5
797 795 1.0
797 796 0.25
797 805 0.0
798 794 0.0
798 795 -0.25
798 796 0.75
798 806 0.0
799 794 1.0
799 795 0.25
799 796 0.0
799 807 0.25
800 794 -0.75
800 795 0.5
800 796 1.0
800 808 0.0
801 805 0.25
801 806 -0.75
801 807 -0.5
801 808 -0.5
801 897 0.25
802 898 -0.5
803 899 -0.25
804 900 0.75
805 802 -1.0
805 803 0.5
805 804 0.0
805 813 1.0
806 802 -0.75
806 803 1.0
806 804 -0.5
806 814 -1.0
807 802 1.0
807 803 -0.5
807 804 0.0
807 815 -0.25
808 802 0.5
808 803 0.0
808 804 0.25
808 816 0.0
809 813 0.0
809 814 0.25
809 815 -0.25
809 816 0.25
809 905 0.0
810 906 0.5
811 907 0.5
812 908 1.0
813 810 -0.5
813 811 0.0
813 812 -0.5
813 821 0.25
814 810 0.75
814 811 0.25
814 812 -1.0
814 822 0.0
815 810 -0.25
815 811 0.75
815 812 0.75
815 823 0.0
816 810 0.5
816 811 1.0
816 812 0.25
816 824 0.5
817 821 0.5
817 822 0.75
817 823 0.25
817 824 0.0
817 913 -0.75
818 914 -1.0
819 915 -0.25
820 916 1.0
821 818 -0.75
821 819 1.0
821 820 0.5
821 829 0.0
822 818 0.75
822 819 0.25
822 820 0.5
822 830 -1.0
823 818 -1.0
823 819 0.0
823 820 -0.5
823 831 -0.75
824 818 0.75
824 819 0.75
824 820 -0.5
824 832 1.0
825 829 -1.0
825 830 -0.25
825 831 -0.5
825 832 0.75
825 921 -1.0
826 922 0.25
827 923 -0.5
828 924 0.25
829 826 0.0
829 827 -0.25
829 828 0.5
829 837 1.0
830 826 0.5
830 827 -0.5
830 828 0.0
830 838 0.25
831 826 -1.0
831 827 0.0
831 828 -0.5
831 839 0.75
832 826 -0.75
832 827 -0.5
832 828 0.25
832 840 -1.0
833 837 -0.75
833 838 0.75
833 839 0.0
833 840 0.5
833 929 -1.0
834 930 0.75
835 931 1.0
836 932 -0.75
837 834 -0.25
837 835 -0.25
837 836 -0.25
837 845 -1.0
838 834 -0.5
838 835 -0.75
838 836 0.5
838 846 0.25
839 834 0.25
839 835 1.0
839 836 -0.75
839 847 0.5
840 834 -0.25
840 835 0.75
840 836 0.5
840 848 0.75
841 845 0.5
841 846 0.5
841 847 -1.0
841 848 0.0
841 937 -0.5
842 938 -0.75
843 939 0.25
844 940 -0.25
845 842 0.75
845 843 0.5
845 844 -1.0
845 853 0.25
846 842 -0.25
846 843 1.0
846 844 -0.5
846 854 0.25
847 842 0.5
847 843 -0.5
847 844 1.0
847 855 -0.75
848 842 0.25
848 843 -0.25
848 844 0.5
848 856 0.75
849 853 -0.75
849 854 0.25
849 855 -1.0
849 856 0.5
849 945 -0.5
850 946 0.5
851 947 1.0
852 948 -1.0
853 850 0.75
853 851 -0.25
853 852 0.5
853 861 -0.5
854 850 -0.25
854 851 -1.0
854 852 0.25
854 862 0.25
855 850 1.0
855 851 1.0
855 852 -0.25
855 863 -1.0
856 850 -0.5
856 851 -1.0
856 852 -0.75
856 864 0.75
857 861 -0.25
857 862 0.0
857 863 -0.5
857 864 0.75
857 953 0.75
858 954 -1.0
859 955 -0.5
860 956 0.25
861 858 0.5
861 859 0.0
861 860 0.75
862 858 -1.0
862 859 -0.25
862 860 0.25
863 858 1.0
863 859 -0.75
863 860 0.0
864 858 0.25
864 859 0.25
864 860 0.0
865 869 0.75
865 870 0.5
865 871 0.5
865 872 -0.75
865 961 1.0
866 962 0.25
867 963 1.0
868 964 0.0
869 866 -0.5
869 867 -0.25
869 868 0.75
869 877 0.75
870 866 0.25
870 867 0.0
870 868 1.0
870 878 -0.25
871 866 0.25
871 867 -0.5
871 868 -0.75
871 879 0.75
872 866 0.75
872 867 -1.0
872 868 -0.75
872 880 1.0
873 877 -0.75
873 878 -0.75
873 879 1.0
873 880 -0.75
873 969 0.5
874 970 -0.5
875 971 0.5
876 972 1.0
877 874 1.0
877 875 -0.5
877 876 0.25
877 885 0.25
878 874 -0.75
878 875 -0.75
878 876 0.5
878 886 -0.5
879 874 0.25
879 875 0.25
879 876 0.5
879 887 1.0
880 874 0.5
880 875 1.0
880 876 0.0
880 888 -0.25
881 885 -0.5
881 886 -0.75
881 887 0.0
881 888 0.75
881 977 0.0
882 978 0.75
883 979 -1.0
884 980 0.0
885 882 -1.0
885 883 -1.0
885 884 0.5
885 893 -0.5
886 882 0.75
886 883 -1.0
886 884 0.75
886 894 -0.75
887 882 1.0
887 883 -0.5
887 884 0.25
887 895 -0.25
888 882 -0.75
888 883 -0.5
888 884 -0.5
888 896 0.25
889 893 1.0
889 894 0.75
889 895 -1.0
889 896 0.5
889 985 0.0
890 986 -0.75
891 987 -0.5
892 988 0.75
893 890 -0.75
893 891 -0.75
893 892 -0.25
893 901 -0.25
894 890 0.5
894 891 -0.75
894 892 0.0
894 902 -0.25
895 890 1.0
895 891 -0.25
895 892 0.75
895 903 -1.0
896 890 -0.5
896 891 0.5
896 892 0.5
896 904 0.75
897 901 -0.5
897 902 0.25
897 903 0.25
897 904 -0.75
897 993 -0.5
898 994 -0.75
899 995 -0.75
900 996 0.25
901 898 0.5
901 899 -0.25
901 900 -0.5
901 909 -0.25
902 898 -0.75
902 899 -0.75
902 900 -0.5
902 910 0.25
903 898 1.0
903 899 -0.75
903 900 -0.25
903 911 -0.5
904 898 -0.75
904 899 0.5
904 900 0.5
904 912 0.75
905 909 0.0
905 910 -1.0
905 911 -1.0
905 912 -0.75
905 1001 -0.25
906 1002 0.75
907 1003 -0.25
908 1004 0.25
909 906 -1.0
909 907 0.5
909 908 0.5
909 917 -1.0
910 906 0.0
910 907 1.0
910 908 0.5
910 918 -0.75
911 906 0.25
911 907 0.75
911 908 -0.5
911 919 0.25
912 906 0.75
912 907 -0.75
912 908 -1.0
912 920 -0.75
913 917 1.0
913 918 0.5
913 919 -0.5
913 920 1.0
913 1009 1.0
914 1010 -0.5
915 1011 0.5
916 1012 -0.75
917 914 0.0
917 915 0.75
917 916 -1.0
917 925 0.75
918 914 -0.75
918 915 -0.25
918 916 -0.5
918 926 -0.5
919 914 0.25
919 915 0.5
919 916 0.5
919 927 0.75
920 914 0.75
920 915 0.0
920 916 -0.5
920 928 1.0
921 925 -0.25
921 926 -1.0
921 927 -1.0
921 928 -0.25
921 1017 0.5
922 1018 0.75
923 1019 0.5
924 1020 0.25
925 922 -0.75
925 923 0.5
925 924 0.5
925 933 0.25
926 922 0.5
926 923 -1.0
926 924 -0.5
926 934 -0.5
927 922 -1.0
927 923 -0.25
927 924 -1.0
927 935 1.0
928 922 0.0
928 923 1.0
928 924 0.75
928 936 -0.75
929 933 0.75
929 934 0.25
929 935 0.5
929 936 0.0
929 1025 0.25
930 1026 0.0
931 1027 0.75
932 1028 -0.25
933 930 0.75
933 931 -1.0
933 932 -0.5
933 941 0.5
934 930 1.0
934 931 0.0
934 932 0.25
934 942 0.75
935 930 -0.75
935 931 0.25
935 932 0.25
935 943 0.0
936 930 -0.25
936 931 -0.5
936 932 -0.5
936 944 0.25
937 941 -0.25
937 942 -0.5
937 943 0.25
937 944 0.5
937 1033 0.25
938 1034 0.0
939 1035 0.25
940 1036 1.0
941 938 0.25
941 939 -0.5
941 940 0.25
941 949 -0.25
942 938 0.5
942 939 -1.0
942 940 -0.25
942 950 -0.5
943 938 -0.5
943 939 0.25
943 940 0.5
943 951 0.5
944 938 0.0
944 939 -1.0
944 940 -0.75
944 952 0.0
945 949 -0.5
945 950 0.0
945 951 0.25
945 952 -1.0
945 1041 0.75
946 1042 -0.75
947 1043 -0.5
948 1044 1.0
949 946 -0.25
949 947 0.75
949 948 -0.25
949 957 0.25
950 946 0.5
950 947 -0.5
950 948 0.0
950 958 0.0
951 946 1.0
951 947 0.5
951 948 0.25
951 959 0.75
952 946 -0.75
952 947 0.0
952 948 0.75
952 960 -0.5
953 957 1.0
953 958 -0.5
953 959 0.25
953 960 0.25
953 1049 -0.5
954 1050 0.5
955 1051 -0.5
956 1052 -0.5
957 954 -0.5
957 955 -0.25
957 956 0.5
958 954 0.5
958 955 0.0
958 956 -0.5
959 954 0.25
959 955 -0.25
959 956 -0.25
960 954 -0.25
960 955 0.25
960 956 1.0
961 965 0.75
961 966 -1.0
961 967 0.0
961 968 -0.5
961 1057 -0.25
962 1058 -1.0
963 1059 0.5
964 1060 -0.5
965 962 -0.75
965 963 -0.5
965 964 -0.75
965 973 0.75
966 962 0.0
966 963 0.0
966 964 0.0
966 974 -1.0
967 962 1.0
967 963 0.25
967 964 -1.0
967 975 0.0
968 962 -1.0
968 963 0.5
968 964 -0.75
968 976 0.0
969 973 0.0
969 974 0.25
969 975 0.25
969 976 0.5
969 1065 -0.75
970 1066 -1.0
971 1067 1.0
972 1068 -0.25
973 970 -0.25
973 971 1.0
973 972 0.0
973 981 0.5
974 970 0.0
974 971 1.0
974 972 -0.75
974 982 1.0
975 970 0.5
975 971 0.0
975 972 -0.25
975 983 0.75
976 970 0.5
976 971 1.0
976 972 -1.0
976 984 0.0
977 981 0.75
977 982 0.25
977 983 -0.25
977 984 0.5
977 1073 0.25
978 1074 0.75
979 1075 0.75
980 1076 0.75
981 978 -1.0
981 979 1.0
981 980 0.75
981 989 -0.5
982 978 -0.25
982 979 0.5
982 980 -0.5
982 990 -1.0
983 978 -1.0
983 979 -0.75
983 980 0.25
983 991 -0.25
984 978 -0.5
984 979 0.75
984 980 1.0
984 992 -0.25
985 989 0.0
985 990 -0.75
985 991 1.0
985 992 0.75
985 1081 -0.25
986 1082 1.0
987 1083 0.0
988 1084 1.0
989 986 -0.75
989 987 1.0
989 988 0.75
989 997 -0.75
990 986 0.25
990 987 -0.25
990 988 1.0
990 998 -0.25
991 986 -0.25
991 987 -0.75
991 988 -1.0
991 999 0.0
992 986 1.0
992 987 0.75
992 988 0.0
992 1000 1.0
993 997 0.75
993 998 -0.75
993 999 0.75
993 1000 0.75
993 1089 0.5
994 1090 -0.75
995 1091 -1.0
996 1092 -1.0
997 994 -0.25
997 995 -0.5
997 996 0.0
997 1005 -0.25
998 994 -1.0
998 995 0.0
998 996 1.0
998 1006 1.0
999 994 -0.75
999 995 -0.75
999 996 -0.25
999 1007 -0.75
1000 994 0.25
1000 995 0.5
1000 996 0.0
1000 1008 -0.25
1001 1005 1.0
1001 1006 -0.5
1001 1007 0.0
1001 1008 0.75
1001 1097 1.0
1002 1098 -0.25
1003 1099 -0.5
1004 1100 0.25
1005 1002 0.75
1005 1003 -1.0
1005 1004 1.0
1005 1013 0.25
1006 1002 1.0
1006 1003 0.25
1006 1004 -0.25
1006 1014 -0.75
1007 1002 1.0
1007 1003 0.0
1007 1004 -0.5
1007 1015 -0.5
1008 1002 0.5
1008 1003 0.5
1008 1004 -1.0
1008 1016 1.0
1009 1013 -0.75
1009 1014 -1.0
1009 1015 0.25
1009 1016 0.25
1009 1105 -1.0
1010 1106 0.0
1011 1107 0.5
1012 1108 0.0
1013 1010 0.0
1013 1011 -1.0
1013 1012 0.25
1013 1021 1.0
1014 1010 1.0
1014 1011 1.0
1014 1012 -0.25
1014 1022 -0.75
1015 1010 1.0
1015 1011 0.25
1015 1012 1.0
1015 1023 0.5
1016 1010 0.25
1016 1011 -0.25
1016 1012 -0.75
1016 1024 0.25
1017 1021 1.0
1017 1022 1.0
1017 1023 0.25
1017 1024 0.75
1017 1113 0.5
1018 1114 0.0
1019 1115 -1.0
1020 1116 0.0
1021 1018 0.25
1021 1019 0.5
1021 1020 0.5
1021 1029 -0.25
1022 1018 0.75
1022 1019 -0.25
1022 1020 0.25
1022 1030 0.5
1023 1018 0.25
1023 1019 -0.5
1023 1020 1.0
1023 1031 0.0
1024 1018 0.0
1024 1019 -0.5
1024 1020 0.25
1024 1032 0.0
1025 1029 1.0
1025 1030 -0.75
1025 1031 0.25
1025 1032 -0.25
1025 1121 -0.25
1026 1122 0.25
1027 1123 -1.0
1028 1124 -0.5
1029 1026 -0.5
1029 1027 0.5
1029 1028 -0.5
1029 1037 -0.25
1030 1026 0.75
1030 1027 0.75
1030 1028 0.5
1030 1038 0.25
1031 1026 0.75
1031 1027 0.25
1031 1028 -0.75
1031 1039 0.25
1032 1026 1.0
1032 1027 -0.25
1032 1028 0.5
1032 1040 0.25
1033 1037 0.0
1033 1038 1.0
1033 1039 0.0
1033 1040 0.25
1033 1129 -0.25
1034 1130 -1.0
1035 1131 -1.0
1036 1132 0.5
1037 1034 1.0
1037 1035 -0.5
1037 1036 0.5
1037 1045 -0.75
1038 1034 0.25
1038 1035 -1.0
1038 1036 1.0
1038 1046 -1.0
1039 1034 0.75
1039 1035 0.0
1039 1036 -0.25
1039 1047 0.0
1040 1034 -1.0
1040 1035 1.0
1040 1036 -1.0
1040 1048 0.75
1041 1045 -0.25
1041 1046 -0.5
1041 1047 0.75
1041 1048 0.25
1041 1137 1.0
1042 1138 0.25
1043 1139 -0.75
1044 1140 -0.25
1045 1042 1.0
1045 1043 0.5
1045 1044 -0.75
1045 1053 0.5
1046 1042 0.0
1046 1043 0.25
1046 1044 -1.0
1046 1054 0.75
1047 1042 0.0
1047 1043 0.5
1047 1044 -0.25
1047 1055 0.25
1048 1042 0.75
1048 1043 -0.5
1048 1044 0.25
1048 1056 -1.0
1049 1053 -0.25
1049 1054 -0.25
1049 1055 0.0
1049 1056 0.75
1049 1145 0.75
1050 1146 1.0
1051 1147 0.25
1052 1148 -0.25
1053 1050 -0.75
1053 1051 0.5
1053 1052 -0.75
1054 1050 1.0
1054 1051 -0.75
1054 1052 -0.25
1055 1050 -0.75
1055 1051 -0.75
1055 1052 -1.0
1056 1050 0.25
1056 1051 -0.5
1056 1052 0.25
1057 1061 -0.5
1057 1062 1.0
1057 1063 -0.75
1057 1064 -0.5
1061 1058 -0.75
1061 1059 0.5
1061 1060 0.75
1061 1069 0.25
1062 1058 0.25
1062 1059 1.0
1062 1060 1.0
1062 1070 0.75
1063 1058 0.75
1063 1059 -1.0
1063 1060 0.25
1063 1071 -0.5
1064 1058 0.0
1064 1059 1.0
1064 1060 0.5
1064 1072 -0.75
1065 1069 0.25
1065 1070 0.0
1065 1071 0.25
1065 1072 -0.5
1069 1066 -0.5
1069 1067 -0.25
1069 1068 0.0
1069 1077 0.25
1070 1066 0.75
1070 1067 0.0
1070 1068 0.75
1070 1078 -0.25
1071 1066 -0.25
1071 1067 -0.25
1071 1068 0.25
1071 1079 1.0
1072 1066 0.5
1072 1067 1.0
1072 1068 -0.75
1072 1080 -0.5
1073 1077 0.5
1073 1078 -0.25
1073 1079 -0.75
1073 1080 0.5
1077 1074 0.25
1077 1075 0.5
1077 1076 0.5
1077 1085 0.25
1078 1074 -1.0
1078 1075 0.25
1078 1076 -0.25
1078 1086 -0.5
1079 1074 -0.5
1079 1075 0.0
1079 1076 0.75
1079 1087 0.75
1080 1074 0.25
1080 1075 -0.5
1080 1076 0.5
1080 1088 0.75
1081 1085 -1.0
1081 1086 1.0
1081 1087 0.25
1081 1088 -0.5
1085 1082 0.0
1085 1083 0.0
1085 1084 0.25
1085 1093 -0.5
1086 1082 -0.25
1086 1083 0.75
1086 1084 0.25
1086 1094 0.5
1087 1082 -1.0
1087 1083 1.0
1087 1084 -1.0
1087 1095 -0.75
1088 1082 0.25
1088 1083 1.0
1088 1084 -0.75
1088 1096 0.75
1089 1093 0.25
1089 1094 0.0
1089 1095 0.25
1089 1096 0.25
1093 1090 -0.5
1093 1091 0.0
1093 1092 0.75
1093 1101 0.75
1094 1090 0.75
1094 1091 1.0
1094 1092 -0.75
1094 1102 -0.75
1095 1090 0.5
1095 1091 -0.5
1095 1092 0.5
1095 1103 0.0
1096 1090 0.25
1096 1091 -0.75
1096 1092 0.5
1096 1104 1.0
1097 1101 0.5
1097 1102 -0.25
1097 1103 0.75
1097 1104 -1.0
1101 1098 -0.5
1101 1099 -0.5
1101 1100 -0.75
1101 1109 -0.25
1102 1098 -1.0
1102 1099 -0.25
1102 1100 -0.25
1102 1110 0.75
1103 1098 0.0
1103 1099 -0.75
1103 1100 1.0
1103 1111 1.0
1104 1098 0.5
1104 1099 1.0
1104 1100 -0.25
1104 1112 0.5
1105 1109 -0.25
1105 1110 -0.25
1105 1111 0.5
1105 1112 -0.25
1109 1106 1.0
1109 1107 -0.25
1109 1108 0.25
1109 1117 0.0
1110 1106 0.0
1110 1107 0.25
1110 1108 -0.75
1110 1118 -0.5
1111 1106 -0.75
1111 1107 0.0
1111 1108 -0.5
1111 1119 -1.0
1112 1106 -0.75
1112 1107 0.5
1112 1108 0.75
1112 1120 -0.75
1113 1117 0.0
1113 1118 0.75
1113 1119 -0.5
1113 1120 -0.75
1117 1114 -1.0
1117 1115 -0.75
1117 1116 1.0
1117 1125 0.5
1118 1114 -0.5
1118 1115 -1.0
1118 1116 0.25
1118 1126 -0.75
1119 1114 0.75
1119 1115 -1.0
1119 1116 0.5
1119 1127 0.75
1120 1114 0.5
1120 1115 -0.25
1120 1116 0.25
1120 1128 -1.0
1121 1125 0.25
1121 1126 0.0
1121 1127 0.0
1121 1128 -0.5
1125 1122 -0.75
1125 1123 -0.5
1125 1124 -0.25
1125 1133 1.0
1126 1122 1.0
1126 1123 0.0
1126 1124 0.75
1126 1134 0.25
1127 1122 0.5
1127 1123 1.0
1127 1124 -0.75
1127 1135 -0.5
1128 1122 -0.75
1128 1123 1.0
1128 1124 0.0
1128 1136 -0.25
1129 1133 0.25
1129 1134 0.5
1129 1135 0.75
1129 1136 -0.5
1133 1130 0.75
1133 1131 -0.75
1133 1132 -0.75
1133 1141 0.25
1134 1130 0.25
1134 1131 0.5
1134 1132 0.25
1134 1142 -0.75
1135 1130 0.5
1135 1131 -0.75
1135 1132 0.0
1135 1143 0.75
1136 1130 0.75
1136 1131 -0.75
1136 1132 -1.0
1136 1144 0.25
1137 1141 -1.0
1137 1142 1.0
1137 1143 -0.5
1137 1144 0.25
1141 1138 -1.0
1141 1139 -0.25
1141 1140 0.25
1141 1149 0.25
1142 1138 0.75
1142 1139 0.25
1142 1140 0.5
1142 1150 0.0
1143 1138 -0.75
1143 1139 0.5
1143 1140 -1.0
1143 1151 1.0
1144 1138 -0.75
1144 1139 1.0
1144 1140 -0.75
1144 1152 0.75
1145 1149 0.5
1145 1150 1.0
1145 1151 -0.25
1145 1152 -0.25
1149 1146 0.75
1149 1147 1.0
1149 1148 0.75
1150 1146 1.0
1150 1147 1.0
1150 1148 0.25
1151 1146 -0.5
1151 1147 0.5
1151 1148 0.75
1152 1146 -0.75
1152 1147 0.25
1152 1148 0.75
