1 1 -0.5
2 2 -0.75
3 3 -0.75
4 4 -0.5
5 5 1.0
6 6 1.0
7 7 1.0
8 8 0.0
9 9 0.5
10 10 0.0
11 11 0.25
12 12 0.75
13 13 -0.5
14 14 -0.25
15 15 -1.0
16 16 0.25
17 17 -0.25
18 18 0.75
19 19 -0.5
20 20 -0.5
21 21 0.0
22 22 1.0
23 23 0.0
24 24 0.0
25 25 0.25
26 26 0.75
27 27 -1.0
28 28 1.0
29 29 1.0
30 30 -0.5
31 31 0.0
32 32 0.75
1 5 -1.0
1 6 -0.5
1 7 -1.0
1 8 -0.5
1 17 -0.25
2 18 -0.75
3 19 1.0
4 20 -1.0
5 2 -1.0
5 3 -0.5
5 4 -1.0
5 13 -0.5
6 2 1.0
6 3 0.0
6 4 -0.5
6 14 -0.25
7 2 0.25
7 3 -1.0
7 4 -1.0
7 15 0.5
8 2 -0.75
8 3 0.25
8 4 0.0
8 16 -0.25
9 13 0.0
9 14 0.75
9 15 -0.75
9 16 0.25
9 25 -0.25
10 26 0.5
11 27 0.75
12 28 -0.5
13 10 -1.0
13 11 0.0
13 12 1.0
14 10 0.5
14 11 -1.0
14 12 -1.0
15 10 0.25
15 11 -0.5
15 12 -0.75
16 10 -1.0
16 11 -0.75
16 12 0.5
17 21 -0.75
17 22 -0.25
17 23 -0.75
17 24 -0.75
21 18 -0.5
21 19 0.75
21 20 -1.0
21 29 -1.0
22 18 0.5
22 19 -1.0
22 20 1.0
22 30 0.0
23 18 1.0
23 19 -0.75
23 20 0.0
23 31 -0.25
24 18 -0.25
24 19 0.5
24 20 0.5
24 32 -0.25
25 29 -0.75
25 30 -0.75
25 31 0.5
25 32 -1.0
29 26 0.75
29 27 0.25
29 28 0.25
30 26 -0.75
30 27 -1.0
30 28 -0.75
31 26 -0.25
31 27 -1.0
31 28 -0.5
32 26 -0.5
32 27 0.5
32 28 0.5
