1 1 -0.75
2 2 0.25
3 3 0.5
4 4 0.25
5 5 0.5
6 6 0.25
7 7 -0.5
8 8 -0.5
9 9 1.0
10 10 -0.5
11 11 -0.75
12 12 0.25
13 13 -0.5
14 14 0.75
15 15 1.0
16 16 0.75
17 17 -0.25
18 18 -0.25
19 19 0.5
20 20 -0.5
21 21 -0.75
22 22 -1.0
23 23 1.0
24 24 -0.75
25 25 0.75
26 26 -0.5
27 27 1.0
28 28 -0.5
29 29 0.0
30 30 1.0
31 31 -0.75
32 32 0.5
33 33 0.25
34 34 1.0
35 35 -0.5
36 36 0.25
37 37 -1.0
38 38 1.0
39 39 -0.75
40 40 -0.5
41 41 0.75
42 42 0.75
43 43 0.75
44 44 -0.75
45 45 0.0
46 46 0.75
47 47 0.5
48 48 0.25
49 49 -0.25
50 50 1.0
51 51 1.0
52 52 -0.25
53 53 0.0
54 54 -0.75
55 55 0.0
56 56 -0.5
57 57 1.0
58 58 -1.0
59 59 0.25
60 60 -0.75
61 61 0.25
62 62 -0.75
63 63 -0.75
64 64 1.0
65 65 -0.25
66 66 -0.5
67 67 -1.0
68 68 -0.25
69 69 0.5
70 70 0.75
71 71 -0.25
72 72 1.0
73 73 0.5
74 74 0.0
75 75 -0.5
76 76 0.0
77 77 1.0
78 78 0.0
79 79 -0.5
80 80 0.5
81 81 0.5
82 82 1.0
83 83 -0.25
84 84 0.25
85 85 0.0
86 86 0.75
87 87 1.0
88 88 -0.5
89 89 0.75
90 90 -1.0
91 91 1.0
92 92 -0.75
93 93 0.75
94 94 0.0
95 95 0.0
96 96 -0.75
97 97 -0.75
98 98 0.25
99 99 0.0
100 100 -0.75
101 101 0.75
102 102 -0.75
103 103 -0.75
104 104 1.0
105 105 -1.0
106 106 -0.75
107 107 -0.25
108 108 0.5
109 109 0.75
110 110 -1.0
111 111 -0.75
112 112 -1.0
113 113 1.0
114 114 1.0
115 115 -0.25
116 116 -0.25
117 117 -0.75
118 118 0.75
119 119 0.0
120 120 -0.75
121 121 -0.25
122 122 0.5
123 123 0.0
124 124 0.0
125 125 0.5
126 126 -0.5
127 127 -0.25
128 128 0.25
1 5 1.0
1 6 0.0
1 7 0.25
1 8 -0.75
1 33 0.5
2 34 -0.75
3 35 0.25
4 36 -0.5
5 2 -0.75
5 3 -1.0
5 4 1.0
5 13 -1.0
6 2 1.0
6 3 1.0
6 4 -0.75
6 14 0.5
7 2 -1.0
7 3 -0.5
7 4 -0.75
7 15 -0.25
8 2 -0.5
8 3 -0.5
8 4 0.75
8 16 -0.5
9 13 -0.75
9 14 -0.5
9 15 0.75
9 16 -0.25
9 41 -1.0
10 42 -1.0
11 43 0.0
12 44 1.0
13 10 -1.0
13 11 0.5
13 12 0.5
13 21 -0.25
14 10 0.0
14 11 -0.5
14 12 0.75
14 22 0.0
15 10 -0.75
15 11 -1.0
15 12 -0.25
15 23 0.75
16 10 0.0
16 11 -0.25
16 12 -1.0
16 24 -1.0
17 21 0.5
17 22 -1.0
17 23 -0.5
17 24 1.0
17 49 0.0
18 50 -0.75
19 51 0.75
20 52 -0.5
21 18 0.75
21 19 0.5
21 20 1.0
21 29 1.0
22 18 0.0
22 19 -0.25
22 20 -0.5
22 30 1.0
23 18 -0.25
23 19 0.0
23 20 1.0
23 31 0.75
24 18 0.5
24 19 -1.0
24 20 -0.25
24 32 1.0
25 29 -0.5
25 30 0.25
25 31 0.25
25 32 1.0
25 57 -0.25
26 58 -0.25
27 59 0.25
28 60 0.5
29 26 0.25
29 27 -0.25
29 28 0.25
30 26 1.0
30 27 -0.5
30 28 0.5
31 26 -0.5
31 27 0.5
31 28 1.0
32 26 0.25
32 27 -0.5
32 28 0.75
33 37 0.5
33 38 0.5
33 39 0.0
33 40 1.0
33 65 0.25
34 66 0.0
35 67 0.0
36 68 1.0
37 34 0.75
37 35 1.0
37 36 -0.25
37 45 -0.25
38 34 -1.0
38 35 0.0
38 36 1.0
38 46 0.75
39 34 -0.5
39 35 -1.0
39 36 -0.25
39 47 -0.5
40 34 -0.75
40 35 1.0
40 36 1.0
40 48 0.25
41 45 -0.25
41 46 -0.5
41 47 -0.75
41 48 -1.0
41 73 1.0
42 74 0.0
43 75 -0.75
44 76 0.0
45 42 0.0
45 43 0.25
45 44 -0.5
45 53 0.25
46 42 1.0
46 43 -0.75
46 44 0.75
46 54 0.25
47 42 0.75
47 43 0.5
47 44 0.75
47 55 -0.5
48 42 0.0
48 43 0.0
48 44 -0.25
48 56 0.5
49 53 0.0
49 54 -0.5
49 55 0.5
49 56 0.0
49 81 -0.5
50 82 0.5
51 83 1.0
52 84 -0.25
53 50 0.5
53 51 -0.25
53 52 1.0
53 61 0.0
54 50 -0.75
54 51 0.0
54 52 0.75
54 62 0.25
55 50 0.75
55 51 0.0
55 52 0.25
55 63 -0.25
56 50 -1.0
56 51 0.0
56 52 0.75
56 64 1.0
57 61 -0.75
57 62 0.5
57 63 -0.75
57 64 -0.25
57 89 1.0
58 90 1.0
59 91 0.75
60 92 0.25
61 58 0.0
61 59 0.0
61 60 -1.0
62 58 1.0
62 59 0.5
62 60 0.25
63 58 -0.75
63 59 0.75
63 60 0.5
64 58 -0.25
64 59 0.0
64 60 0.25
65 69 0.25
65 70 1.0
65 71 0.75
65 72 0.0
65 97 0.75
66 98 1.0
67 99 -0.5
68 100 -0.5
69 66 -0.5
69 67 -0.25
69 68 0.75
69 77 -0.25
70 66 1.0
70 67 1.0
70 68 0.75
70 78 0.0
71 66 -1.0
71 67 -0.75
71 68 0.0
71 79 -0.5
72 66 -1.0
72 67 0.25
72 68 -1.0
72 80 -1.0
73 77 -0.5
73 78 0.5
73 79 -0.25
73 80 0.0
73 105 -0.25
74 106 -0.25
75 107 0.75
76 108 1.0
77 74 0.25
77 75 -0.5
77 76 0.75
77 85 -1.0
78 74 1.0
78 75 0.25
78 76 -1.0
78 86 -0.25
79 74 -0.25
79 75 0.0
79 76 -0.25
79 87 0.75
80 74 0.75
80 75 -1.0
80 76 0.25
80 88 -0.5
81 85 -0.75
81 86 0.25
81 87 -0.75
81 88 1.0
81 113 0.5
82 114 -1.0
83 115 0.0
84 116 0.0
85 82 0.75
85 83 -0.25
85 84 -0.75
85 93 -0.5
86 82 -0.25
86 83 0.25
86 84 -0.25
86 94 0.75
87 82 -0.25
87 83 1.0
87 84 0.25
87 95 0.0
88 82 -0.25
88 83 -0.5
88 84 -1.0
88 96 -1.0
89 93 -0.5
89 94 -0.5
89 95 -0.5
89 96 -0.25
89 121 0.0
90 122 1.0
91 123 0.0
92 124 0.25
93 90 -0.25
93 91 0.5
93 92 1.0
94 90 -0.25
94 91 -0.25
94 92 0.0
95 90 0.0
95 91 0.25
95 92 -0.25
96 90 0.5
96 91 -0.25
96 92 -0.5
97 101 -0.75
97 102 -0.25
97 103 -0.75
97 104 -1.0
101 98 0.75
101 99 1.0
101 100 -0.5
101 109 -0.25
102 98 -1.0
102 99 0.0
102 100 -0.75
102 110 0.25
103 98 0.5
103 99 -0.75
103 100 -0.25
103 111 -0.5
104 98 0.25
104 99 0.5
104 100 -0.25
104 112 0.5
105 109 -0.25
105 110 -0.75
105 111 -0.5
105 112 -0.5
109 106 -1.0
109 107 1.0
109 108 -0.5
109 117 -0.75
110 106 1.0
110 107 0.5
110 108 -0.25
110 118 0.25
111 106 0.75
111 107 0.5
111 108 -1.0
111 119 -1.0
112 106 0.25
112 107 -0.25
112 108 0.0
112 120 -0.5
113 117 0.5
113 118 0.75
113 119 -0.25
113 120 0.5
117 114 -0.75
117 115 1.0
117 116 0.25
117 125 -0.75
118 114 -0.5
118 115 0.5
118 116 -1.0
118 126 0.0
119 114 -0.25
119 115 0.5
119 116 0.25
119 127 -0.75
120 114 -0.25
120 115 -0.75
120 116 0.75
120 128 0.25
121 125 0.75
121 126 0.5
121 127 0.5
121 128 -0.25
125 122 0.25
125 123 -1.0
125 124 -0.25
126 122 -0.5
126 123 -0.5
126 124 -1.0
127 122 0.25
127 123 -1.0
127 124 0.25
128 122 -0.75
128 123 1.0
128 124 1.0
