1 1 -1.0
2 2 -0.75
3 3 1.0
4 4 0.75
5 5 0.0
6 6 0.0
7 7 0.5
8 8 0.0
9 9 -0.25
10 10 0.75
11 11 -1.0
12 12 0.5
13 13 -0.25
14 14 0.75
15 15 0.5
16 16 -0.25
17 17 -1.0
18 18 -0.5
19 19 0.25
20 20 0.25
21 21 0.75
22 22 -0.25
23 23 0.0
24 24 0.75
25 25 0.75
26 26 0.75
27 27 -0.25
28 28 0.75
29 29 -0.5
30 30 0.0
31 31 -0.5
32 32 0.25
33 33 0.75
34 34 0.5
35 35 0.75
36 36 1.0
37 37 -0.5
38 38 0.25
39 39 1.0
40 40 0.0
41 41 -0.25
42 42 -0.5
43 43 -0.25
44 44 -0.75
45 45 -0.75
46 46 -0.5
47 47 -0.75
48 48 -0.75
49 49 -0.25
50 50 -0.75
51 51 -1.0
52 52 0.0
53 53 0.25
54 54 0.5
55 55 0.25
56 56 0.0
57 57 1.0
58 58 -0.25
59 59 -0.75
60 60 0.25
61 61 -0.5
62 62 0.5
63 63 0.0
64 64 0.75
65 65 0.0
66 66 -0.75
67 67 0.25
68 68 0.25
69 69 -0.75
70 70 0.5
71 71 0.0
72 72 1.0
73 73 -1.0
74 74 -0.75
75 75 -0.25
76 76 0.25
77 77 -0.25
78 78 -0.75
79 79 0.5
80 80 -0.75
81 81 0.5
82 82 -0.25
83 83 1.0
84 84 0.25
85 85 0.75
86 86 0.0
87 87 -0.75
88 88 -0.75
89 89 0.75
90 90 0.0
91 91 0.75
92 92 1.0
93 93 -1.0
94 94 -0.5
95 95 -0.25
96 96 -0.75
97 97 -0.75
98 98 0.5
99 99 -0.75
100 100 -0.25
101 101 -0.75
102 102 0.5
103 103 0.0
104 104 1.0
105 105 1.0
106 106 0.25
107 107 1.0
108 108 -0.75
109 109 -0.5
110 110 0.75
111 111 -0.75
112 112 0.75
113 113 0.5
114 114 0.5
115 115 -0.25
116 116 -0.25
117 117 0.5
118 118 0.25
119 119 1.0
120 120 0.25
121 121 -0.25
122 122 -1.0
123 123 0.5
124 124 -0.75
125 125 1.0
126 126 0.75
127 127 1.0
128 128 -1.0
129 129 1.0
130 130 1.0
131 131 -0.25
132 132 0.5
133 133 -0.75
134 134 -1.0
135 135 0.0
136 136 0.5
137 137 0.5
138 138 0.5
139 139 1.0
140 140 -1.0
141 141 1.0
142 142 0.0
143 143 0.75
144 144 -0.5
145 145 1.0
146 146 0.5
147 147 0.0
148 148 -0.25
149 149 1.0
150 150 -1.0
151 151 0.5
152 152 -1.0
153 153 1.0
154 154 -0.25
155 155 0.75
156 156 -1.0
157 157 -0.5
158 158 0.25
159 159 -0.25
160 160 -0.5
161 161 1.0
162 162 -1.0
163 163 -1.0
164 164 0.0
165 165 -0.25
166 166 1.0
167 167 -0.25
168 168 0.5
169 169 0.25
170 170 -0.5
171 171 0.5
172 172 1.0
173 173 -0.75
174 174 0.25
175 175 0.25
176 176 -0.75
177 177 0.0
178 178 -0.5
179 179 0.5
180 180 -0.25
181 181 -0.75
182 182 0.0
183 183 0.25
184 184 -0.5
185 185 1.0
186 186 0.25
187 187 -0.5
188 188 0.75
189 189 0.5
190 190 -1.0
191 191 0.25
192 192 -0.5
193 193 1.0
194 194 0.5
195 195 0.5
196 196 0.5
197 197 0.75
198 198 0.5
199 199 0.75
200 200 0.25
201 201 -0.25
202 202 0.5
203 203 0.75
204 204 0.5
205 205 -0.5
206 206 0.5
207 207 -1.0
208 208 -0.5
209 209 -0.5
210 210 0.25
211 211 0.75
212 212 -0.5
213 213 -1.0
214 214 0.25
215 215 -1.0
216 216 -0.25
217 217 0.5
218 218 0.75
219 219 -0.75
220 220 0.5
221 221 1.0
222 222 -0.25
223 223 1.0
224 224 0.0
225 225 1.0
226 226 -0.5
227 227 0.25
228 228 -0.25
229 229 0.75
230 230 -0.75
231 231 0.0
232 232 -0.25
233 233 0.75
234 234 -1.0
235 235 -0.75
236 236 -0.75
237 237 -1.0
238 238 1.0
239 239 -0.25
240 240 -0.5
241 241 0.75
242 242 0.25
243 243 -0.5
244 244 0.75
245 245 -0.75
246 246 -1.0
247 247 -0.25
248 248 0.75
249 249 0.75
250 250 0.25
251 251 -0.75
252 252 0.0
253 253 1.0
254 254 -1.0
255 255 -0.25
256 256 0.0
257 257 1.0
258 258 -0.25
259 259 -0.75
260 260 0.25
261 261 0.75
262 262 0.0
263 263 0.25
264 264 0.0
265 265 -0.25
266 266 0.25
267 267 0.0
268 268 -1.0
269 269 1.0
270 270 -0.5
271 271 -0.25
272 272 -1.0
273 273 0.25
274 274 -0.75
275 275 -0.25
276 276 -0.5
277 277 -0.25
278 278 0.25
279 279 0.5
280 280 -0.75
281 281 -0.5
282 282 -1.0
283 283 0.5
284 284 -1.0
285 285 -0.5
286 286 0.5
287 287 0.5
288 288 0.75
289 289 0.0
290 290 0.5
291 291 -0.25
292 292 0.5
293 293 -0.5
294 294 0.75
295 295 -1.0
296 296 -0.5
297 297 -0.75
298 298 0.5
299 299 1.0
300 300 0.0
301 301 -0.5
302 302 0.25
303 303 -0.75
304 304 -0.25
305 305 -0.25
306 306 -0.25
307 307 0.25
308 308 -1.0
309 309 0.25
310 310 -1.0
311 311 0.75
312 312 0.0
313 313 -0.5
314 314 0.5
315 315 0.25
316 316 -0.25
317 317 -1.0
318 318 0.0
319 319 -0.75
320 320 -0.25
321 321 -0.75
322 322 0.75
323 323 0.75
324 324 -0.5
325 325 0.5
326 326 0.5
327 327 -0.75
328 328 0.75
329 329 0.25
330 330 0.25
331 331 -0.5
332 332 -0.25
333 333 -0.25
334 334 0.25
335 335 1.0
336 336 0.75
337 337 -0.75
338 338 0.5
339 339 0.5
340 340 1.0
341 341 -0.5
342 342 0.5
343 343 0.0
344 344 0.25
345 345 -0.75
346 346 -0.75
347 347 0.25
348 348 -0.75
349 349 -0.25
350 350 -0.75
351 351 0.5
352 352 0.0
353 353 0.75
354 354 -0.75
355 355 -0.25
356 356 1.0
357 357 0.0
358 358 -0.5
359 359 -1.0
360 360 -0.25
361 361 1.0
362 362 -0.25
363 363 -1.0
364 364 0.0
365 365 -0.75
366 366 0.0
367 367 1.0
368 368 1.0
369 369 1.0
370 370 0.75
371 371 -0.75
372 372 0.5
373 373 -0.25
374 374 -0.25
375 375 0.5
376 376 -1.0
377 377 0.25
378 378 1.0
379 379 -1.0
380 380 1.0
381 381 0.75
382 382 -0.25
383 383 0.0
384 384 -0.75
385 385 0.75
386 386 -1.0
387 387 1.0
388 388 -0.5
389 389 -0.75
390 390 -0.5
391 391 0.0
392 392 0.0
393 393 -0.75
394 394 0.75
395 395 -0.5
396 396 -0.5
397 397 -0.5
398 398 0.25
399 399 0.75
400 400 0.5
401 401 0.5
402 402 -0.75
403 403 1.0
404 404 0.5
405 405 -0.25
406 406 -0.5
407 407 -0.25
408 408 1.0
409 409 0.25
410 410 0.25
411 411 0.75
412 412 0.25
413 413 -0.25
414 414 0.75
415 415 0.75
416 416 -0.5
417 417 -0.5
418 418 -0.75
419 419 1.0
420 420 0.0
421 421 -0.25
422 422 0.5
423 423 -1.0
424 424 0.0
425 425 0.75
426 426 0.5
427 427 0.25
428 428 0.25
429 429 -0.5
430 430 0.75
431 431 0.5
432 432 -0.5
433 433 1.0
434 434 0.25
435 435 -0.75
436 436 -0.5
437 437 -0.25
438 438 -1.0
439 439 -0.25
440 440 0.0
441 441 -0.75
442 442 0.75
443 443 0.25
444 444 0.5
445 445 1.0
446 446 0.25
447 447 0.0
448 448 0.5
449 449 -0.5
450 450 -0.75
451 451 -1.0
452 452 -0.25
453 453 -0.5
454 454 -0.75
455 455 0.25
456 456 -0.75
457 457 0.25
458 458 -0.75
459 459 0.25
460 460 -0.5
461 461 1.0
462 462 -1.0
463 463 0.75
464 464 -1.0
465 465 0.0
466 466 -0.5
467 467 -1.0
468 468 -0.75
469 469 0.0
470 470 0.25
471 471 0.75
472 472 -0.5
473 473 -1.0
474 474 0.5
475 475 -0.75
476 476 -0.75
477 477 0.0
478 478 -0.5
479 479 -0.25
480 480 1.0
481 481 0.5
482 482 0.0
483 483 0.5
484 484 0.75
485 485 -1.0
486 486 -0.75
487 487 -1.0
488 488 0.75
489 489 0.5
490 490 0.0
491 491 0.0
492 492 0.0
493 493 0.5
494 494 0.25
495 495 -0.75
496 496 0.75
497 497 -1.0
498 498 0.5
499 499 0.0
500 500 0.75
501 501 0.5
502 502 -0.25
503 503 1.0
504 504 0.5
505 505 -0.75
506 506 0.75
507 507 -0.5
508 508 -0.5
509 509 0.0
510 510 0.0
511 511 0.0
512 512 0.5
1 5 -0.5
1 6 1.0
1 7 -0.25
1 8 -1.0
1 65 0.75
2 66 -0.5
3 67 0.25
4 68 1.0
5 2 -0.25
5 3 -1.0
5 4 -0.25
5 13 1.0
6 2 0.75
6 3 -1.0
6 4 -0.25
6 14 -1.0
7 2 -0.25
7 3 -1.0
7 4 0.75
7 15 0.5
8 2 0.25
8 3 -0.25
8 4 1.0
8 16 0.0
9 13 0.25
9 14 0.75
9 15 1.0
9 16 0.5
9 73 0.5
10 74 0.5
11 75 -1.0
12 76 0.75
13 10 1.0
13 11 -1.0
13 12 -0.25
13 21 -0.5
14 10 0.5
14 11 0.5
14 12 0.75
14 22 0.0
15 10 -1.0
15 11 -1.0
15 12 0.75
15 23 0.75
16 10 -0.75
16 11 -0.25
16 12 -0.5
16 24 0.75
17 21 0.75
17 22 -0.25
17 23 -0.5
17 24 0.25
17 81 1.0
18 82 0.25
19 83 -0.5
20 84 -1.0
21 18 -0.75
21 19 -0.75
21 20 0.5
21 29 -1.0
22 18 -0.75
22 19 -0.5
22 20 0.75
22 30 1.0
23 18 -1.0
23 19 0.0
23 20 -0.25
23 31 -0.25
24 18 0.25
24 19 1.0
24 20 0.25
24 32 -0.5
25 29 -1.0
25 30 -1.0
25 31 -0.75
25 32 0.75
25 89 1.0
26 90 0.0
27 91 0.5
28 92 0.75
29 26 0.25
29 27 0.5
29 28 0.5
29 37 0.25
30 26 -1.0
30 27 -1.0
30 28 -0.5
30 38 -0.25
31 26 -0.25
31 27 0.0
31 28 1.0
31 39 -0.75
32 26 0.75
32 27 0.5
32 28 0.25
32 40 -1.0
33 37 0.25
33 38 0.75
33 39 1.0
33 40 -0.5
33 97 -0.5
34 98 -1.0
35 99 1.0
36 100 0.75
37 34 -1.0
37 35 0.25
37 36 -0.5
37 45 -0.75
38 34 0.75
38 35 -0.75
38 36 0.0
38 46 0.5
39 34 0.0
39 35 0.0
39 36 -1.0
39 47 -0.25
40 34 -0.25
40 35 -0.75
40 36 -0.25
40 48 0.25
41 45 0.25
41 46 0.25
41 47 1.0
41 48 0.25
41 105 0.5
42 106 1.0
43 107 0.5
44 108 1.0
45 42 -0.75
45 43 0.5
45 44 1.0
45 53 0.75
46 42 1.0
46 43 0.5
46 44 -0.75
46 54 0.75
47 42 0.25
47 43 0.0
47 44 0.75
47 55 1.0
48 42 0.0
48 43 -1.0
48 44 0.5
48 56 -0.75
49 53 0.0
49 54 1.0
49 55 0.5
49 56 1.0
49 113 -0.25
50 114 -1.0
51 115 -1.0
52 116 0.5
53 50 0.5
53 51 0.25
53 52 0.25
53 61 0.25
54 50 0.0
54 51 0.5
54 52 -0.5
54 62 0.25
55 50 0.5
55 51 0.0
55 52 0.25
55 63 0.0
56 50 -0.5
56 51 -0.75
56 52 0.25
56 64 1.0
57 61 0.0
57 62 -0.25
57 63 1.0
57 64 0.25
57 121 -0.25
58 122 -0.75
59 123 -0.5
60 124 -0.25
61 58 -1.0
61 59 -0.5
61 60 -0.5
62 58 -1.0
62 59 0.0
62 60 -0.5
63 58 0.0
63 59 -0.25
63 60 0.25
64 58 -0.5
64 59 1.0
64 60 0.75
65 69 0.25
65 70 -0.5
65 71 -1.0
65 72 -1.0
65 129 0.0
66 130 -0.75
67 131 0.25
68 132 0.5
69 66 0.5
69 67 0.75
69 68 -0.25
69 77 -0.75
70 66 0.75
70 67 -0.25
70 68 -0.5
70 78 0.5
71 66 0.5
71 67 0.0
71 68 0.5
71 79 -0.5
72 66 -0.75
72 67 1.0
72 68 1.0
72 80 1.0
73 77 0.25
73 78 0.75
73 79 -0.25
73 80 -0.5
73 137 -1.0
74 138 -0.5
75 139 0.75
76 140 0.25
77 74 -0.25
77 75 -0.5
77 76 0.5
77 85 0.75
78 74 -0.5
78 75 -1.0
78 76 -0.5
78 86 1.0
79 74 0.0
79 75 0.25
79 76 -1.0
79 87 -0.75
80 74 0.5
80 75 0.75
80 76 0.75
80 88 -0.5
81 85 -0.75
81 86 -0.5
81 87 1.0
81 88 -0.25
81 145 -1.0
82 146 -0.5
83 147 -0.75
84 148 -1.0
85 82 -0.25
85 83 0.75
85 84 1.0
85 93 0.0
86 82 0.25
86 83 -0.25
86 84 1.0
86 94 0.75
87 82 -0.25
87 83 0.75
87 84 -1.0
87 95 1.0
88 82 -0.75
88 83 -0.75
88 84 0.0
88 96 -0.75
89 93 0.5
89 94 -1.0
89 95 -1.0
89 96 0.25
89 153 0.75
90 154 -0.5
91 155 0.25
92 156 -1.0
93 90 -0.5
93 91 -0.25
93 92 0.25
93 101 -0.25
94 90 -0.75
94 91 -0.5
94 92 1.0
94 102 -0.5
95 90 0.75
95 91 0.0
95 92 -1.0
95 103 0.5
96 90 -0.25
96 91 1.0
96 92 1.0
96 104 1.0
97 101 0.5
97 102 0.5
97 103 1.0
97 104 0.5
97 161 0.5
98 162 0.0
99 163 -1.0
100 164 -0.5
101 98 -1.0
101 99 -0.5
101 100 0.0
101 109 0.25
102 98 1.0
102 99 0.5
102 100 0.25
102 110 -0.5
103 98 -0.75
103 99 -1.0
103 100 0.0
103 111 -0.25
104 98 1.0
104 99 -0.5
104 100 0.5
104 112 0.0
105 109 -0.25
105 110 -0.25
105 111 0.75
105 112 0.0
105 169 0.25
106 170 0.25
107 171 -1.0
108 172 -1.0
109 106 0.0
109 107 0.25
109 108 -0.75
109 117 1.0
110 106 -1.0
110 107 0.5
110 108 -1.0
110 118 0.25
111 106 1.0
111 107 -1.0
111 108 -0.25
111 119 -0.5
112 106 -1.0
112 107 -0.25
112 108 -0.5
112 120 0.25
113 117 -0.25
113 118 1.0
113 119 -1.0
113 120 0.75
113 177 -0.5
114 178 0.25
115 179 0.75
116 180 1.0
117 114 -0.75
117 115 -1.0
117 116 -0.75
117 125 -0.75
118 114 -0.5
118 115 0.5
118 116 0.5
118 126 -1.0
119 114 -1.0
119 115 0.25
119 116 1.0
119 127 -0.25
120 114 0.0
120 115 -0.75
120 116 -0.25
120 128 -0.75
121 125 0.5
121 126 -0.5
121 127 0.5
121 128 0.0
121 185 -0.75
122 186 0.5
123 187 0.5
124 188 0.25
125 122 1.0
125 123 -0.25
125 124 -0.5
126 122 -1.0
126 123 -0.75
126 124 1.0
127 122 0.0
127 123 0.25
127 124 0.75
128 122 -1.0
128 123 -0.25
128 124 0.25
129 133 -1.0
129 134 0.0
129 135 -0.5
129 136 0.25
129 193 0.5
130 194 0.0
131 195 -0.5
132 196 0.5
133 130 0.25
133 131 0.5
133 132 0.5
133 141 0.75
134 130 -1.0
134 131 0.25
134 132 1.0
134 142 -0.25
135 130 1.0
135 131 0.5
135 132 0.75
135 143 0.25
136 130 -0.75
136 131 1.0
136 132 0.75
136 144 -0.25
137 141 -0.75
137 142 0.75
137 143 0.75
137 144 0.5
137 201 0.25
138 202 -1.0
139 203 -0.75
140 204 1.0
141 138 0.25
141 139 0.75
141 140 -0.5
141 149 0.75
142 138 0.5
142 139 0.0
142 140 0.25
142 150 -0.75
143 138 -0.5
143 139 -1.0
143 140 -0.25
143 151 0.75
144 138 -0.75
144 139 -1.0
144 140 -0.5
144 152 -1.0
145 149 0.0
145 150 0.5
145 151 0.5
145 152 1.0
145 209 -0.75
146 210 0.75
147 211 0.25
148 212 1.0
149 146 -0.25
149 147 -1.0
149 148 -1.0
149 157 -1.0
150 146 -0.25
150 147 -0.5
150 148 -0.5
150 158 0.75
151 146 0.25
151 147 0.25
151 148 -0.25
151 159 -0.75
152 146 0.0
152 147 1.0
152 148 -0.75
152 160 -0.75
153 157 0.25
153 158 -1.0
153 159 -0.75
153 160 0.5
153 217 -0.5
154 218 0.0
155 219 -0.5
156 220 1.0
157 154 0.75
157 155 1.0
157 156 -1.0
157 165 1.0
158 154 0.75
158 155 -0.5
158 156 -0.25
158 166 -1.0
159 154 0.75
159 155 -0.75
159 156 0.25
159 167 -0.5
160 154 0.5
160 155 -0.5
160 156 0.0
160 168 0.75
161 165 0.75
161 166 1.0
161 167 0.75
161 168 1.0
161 225 -0.5
162 226 0.5
163 227 0.0
164 228 0.25
165 162 0.25
165 163 0.5
165 164 0.25
165 173 0.0
166 162 0.5
166 163 1.0
166 164 0.75
166 174 1.0
167 162 -0.5
167 163 0.5
167 164 0.75
167 175 -1.0
168 162 -0.25
168 163 0.0
168 164 0.5
168 176 1.0
169 173 -0.25
169 174 0.25
169 175 0.0
169 176 0.0
169 233 -1.0
170 234 0.75
171 235 -0.75
172 236 1.0
173 170 0.75
173 171 0.0
173 172 0.25
173 181 -0.75
174 170 0.75
174 171 0.0
174 172 -0.25
174 182 -0.75
175 170 -0.75
175 171 0.0
175 172 0.75
175 183 -1.0
176 170 0.25
176 171 0.25
176 172 -0.25
176 184 -0.25
177 181 -0.25
177 182 -0.5
177 183 -0.75
177 184 0.75
177 241 -0.5
178 242 0.25
179 243 -0.25
180 244 0.5
181 178 -0.75
181 179 0.5
181 180 0.5
181 189 0.25
182 178 -0.25
182 179 -0.5
182 180 -0.25
182 190 -0.75
183 178 0.0
183 179 0.75
183 180 1.0
183 191 -1.0
184 178 0.5
184 179 1.0
184 180 1.0
184 192 -0.25
185 189 -1.0
185 190 -1.0
185 191 0.5
185 192 1.0
185 249 0.0
186 250 -0.5
187 251 -0.25
188 252 0.0
189 186 -1.0
189 187 0.0
189 188 -0.75
190 186 0.25
190 187 -1.0
190 188 -1.0
191 186 -0.25
191 187 -0.5
191 188 -1.0
192 186 0.75
192 187 0.25
192 188 0.5
193 197 1.0
193 198 1.0
193 199 0.5
193 200 0.5
193 257 1.0
194 258 -0.75
195 259 0.0
196 260 0.25
197 194 0.25
197 195 -0.25
197 196 1.0
197 205 -1.0
198 194 -1.0
198 195 1.0
198 196 -0.75
198 206 0.0
199 194 0.25
199 195 0.25
199 196 -0.75
199 207 -0.5
200 194 0.25
200 195 0.0
200 196 -0.75
200 208 -0.5
201 205 -1.0
201 206 0.75
201 207 -0.25
201 208 0.0
201 265 -0.75
202 266 -0.75
203 267 -0.25
204 268 0.25
205 202 0.25
205 203 -0.75
205 204 0.5
205 213 -0.75
206 202 -0.25
206 203 -0.5
206 204 -0.25
206 214 -0.75
207 202 0.5
207 203 -1.0
207 204 0.0
207 215 -1.0
208 202 0.0
208 203 0.5
208 204 0.5
208 216 0.75
209 213 -1.0
209 214 -1.0
209 215 -0.5
209 216 0.5
209 273 0.75
210 274 0.0
211 275 -0.75
212 276 0.0
213 210 -1.0
213 211 -0.75
213 212 0.5
213 221 -1.0
214 210 0.5
214 211 -0.25
214 212 0.5
214 222 -1.0
215 210 -0.75
215 211 0.0
215 212 -0.25
215 223 0.75
216 210 0.25
216 211 -0.5
216 212 0.5
216 224 1.0
217 221 -0.75
217 222 1.0
217 223 0.0
217 224 1.0
217 281 -1.0
218 282 0.0
219 283 0.75
220 284 0.75
221 218 -1.0
221 219 1.0
221 220 -1.0
221 229 0.75
222 218 0.5
222 219 -0.75
222 220 1.0
222 230 0.25
223 218 -0.25
223 219 -1.0
223 220 0.75
223 231 -1.0
224 218 -0.75
224 219 0.75
224 220 -0.75
224 232 1.0
225 229 -0.25
225 230 -0.75
225 231 -1.0
225 232 -0.75
225 289 0.0
226 290 0.0
227 291 0.0
228 292 -0.25
229 226 0.0
229 227 0.0
229 228 -1.0
229 237 -1.0
230 226 -0.5
230 227 -0.75
230 228 0.0
230 238 0.75
231 226 0.25
231 227 -0.75
231 228 0.25
231 239 0.75
232 226 -0.25
232 227 -0.5
232 228 0.0
232 240 0.25
233 237 -0.25
233 238 0.5
233 239 0.5
233 240 0.0
233 297 1.0
234 298 -0.75
235 299 -1.0
236 300 1.0
237 234 0.25
237 235 -1.0
237 236 -0.75
237 245 -0.25
238 234 0.75
238 235 0.5
238 236 0.0
238 246 0.0
239 234 1.0
239 235 -0.5
239 236 -1.0
239 247 -0.75
240 234 0.25
240 235 -0.75
240 236 0.75
240 248 -1.0
241 245 -0.25
241 246 -0.75
241 247 -0.25
241 248 -0.25
241 305 -0.25
242 306 0.0
243 307 -1.0
244 308 0.0
245 242 1.0
245 243 1.0
245 244 -0.75
245 253 -0.75
246 242 0.25
246 243 -0.5
246 244 0.75
246 254 -1.0
247 242 0.25
247 243 -0.75
247 244 0.75
247 255 -0.5
248 242 0.0
248 243 1.0
248 244 1.0
248 256 1.0
249 253 0.5
249 254 1.0
249 255 -0.75
249 256 0.25
249 313 1.0
250 314 -1.0
251 315 1.0
252 316 -0.75
253 250 0.0
253 251 0.5
253 252 0.75
254 250 -0.25
254 251 -0.25
254 252 0.5
255 250 0.75
255 251 0.0
255 252 -1.0
256 250 0.5
256 251 -1.0
256 252 -0.5
257 261 -0.25
257 262 -0.75
257 263 1.0
257 264 0.0
257 321 -0.5
258 322 -0.25
259 323 0.25
260 324 1.0
261 258 0.0
261 259 -0.25
261 260 -0.5
261 269 0.25
262 258 -1.0
262 259 -0.75
262 260 -0.5
262 270 -0.25
263 258 0.5
263 259 -1.0
263 260 -0.5
263 271 1.0
264 258 -1.0
264 259 0.75
264 260 0.25
264 272 -1.0
265 269 1.0
265 270 0.25
265 271 -0.5
265 272 0.0
265 329 0.75
266 330 0.0
267 331 -0.5
268 332 0.5
269 266 0.75
269 267 0.75
269 268 0.75
269 277 -0.75
270 266 0.75
270 267 0.5
270 268 0.25
270 278 -0.5
271 266 -1.0
271 267 0.5
271 268 -1.0
271 279 0.5
272 266 0.25
272 267 0.0
272 268 -0.25
272 280 -0.5
273 277 0.75
273 278 0.5
273 279 0.75
273 280 -1.0
273 337 0.0
274 338 0.5
275 339 -0.25
276 340 -1.0
277 274 -0.5
277 275 -0.5
277 276 -1.0
277 285 0.75
278 274 -1.0
278 275 0.75
278 276 0.25
278 286 0.5
279 274 1.0
279 275 0.0
279 276 0.75
279 287 1.0
280 274 -0.25
280 275 -0.25
280 276 -0.75
280 288 -0.25
281 285 -1.0
281 286 0.5
281 287 -0.75
281 288 1.0
281 345 -0.25
282 346 0.25
283 347 0.25
284 348 0.75
285 282 -0.25
285 283 -1.0
285 284 1.0
285 293 0.75
286 282 1.0
286 283 0.75
286 284 -0.75
286 294 0.75
287 282 -1.0
287 283 -0.5
287 284 -1.0
287 295 0.5
288 282 0.25
288 283 -0.75
288 284 0.0
288 296 0.25
289 293 -0.75
289 294 1.0
289 295 0.75
289 296 -0.75
289 353 0.25
290 354 -0.25
291 355 0.25
292 356 0.75
293 290 -1.0
293 291 1.0
293 292 -0.5
293 301 0.0
294 290 0.5
294 291 -0.75
294 292 -0.25
294 302 0.25
295 290 -0.5
295 291 0.0
295 292 0.0
295 303 -0.5
296 290 0.0
296 291 0.5
296 292 -0.5
296 304 0.25
297 301 0.5
297 302 -0.75
297 303 0.0
297 304 -0.75
297 361 0.5
298 362 -1.0
299 363 -0.75
300 364 0.75
301 298 0.25
301 299 0.0
301 300 -0.75
301 309 0.5
302 298 0.0
302 299 -0.25
302 300 -1.0
302 310 -0.5
303 298 -0.25
303 299 -0.5
303 300 0.75
303 311 0.25
304 298 1.0
304 299 -0.75
304 300 -0.75
304 312 -1.0
305 309 0.25
305 310 1.0
305 311 0.25
305 312 -1.0
305 369 -0.25
306 370 -0.5
307 371 0.0
308 372 0.0
309 306 -0.5
309 307 1.0
309 308 0.5
309 317 0.75
310 306 0.25
310 307 -1.0
310 308 -0.75
310 318 -0.25
311 306 -1.0
311 307 -0.75
311 308 0.0
311 319 -1.0
312 306 0.5
312 307 -0.5
312 308 -0.5
312 320 0.25
313 317 0.25
313 318 -0.5
313 319 0.0
313 320 -1.0
313 377 0.25
314 378 0.25
315 379 0.75
316 380 -1.0
317 314 -0.5
317 315 -0.25
317 316 0.5
318 314 -0.5
318 315 -1.0
318 316 -0.25
319 314 0.25
319 315 -0.5
319 316 1.0
320 314 0.5
320 315 0.5
320 316 -0.25
321 325 0.75
321 326 1.0
321 327 -0.5
321 328 -1.0
321 385 -0.5
322 386 1.0
323 387 1.0
324 388 -1.0
325 322 -0.5
325 323 -0.25
325 324 0.75
325 333 0.25
326 322 -0.25
326 323 -0.75
326 324 -0.5
326 334 -1.0
327 322 1.0
327 323 -0.5
327 324 0.0
327 335 -1.0
328 322 0.25
328 323 0.0
328 324 -0.25
328 336 -0.25
329 333 0.5
329 334 -1.0
329 335 -0.75
329 336 -0.25
329 393 0.75
330 394 1.0
331 395 -0.5
332 396 -1.0
333 330 0.75
333 331 0.25
333 332 -0.75
333 341 1.0
334 330 0.5
334 331 -0.5
334 332 0.0
334 342 -0.5
335 330 -0.75
335 331 -1.0
335 332 -0.5
335 343 -0.5
336 330 -0.5
336 331 0.0
336 332 0.25
336 344 0.0
337 341 -0.5
337 342 -0.5
337 343 0.5
337 344 -1.0
337 401 0.25
338 402 -0.5
339 403 -0.75
340 404 0.75
341 338 0.0
341 339 0.25
341 340 1.0
341 349 -0.75
342 338 -1.0
342 339 1.0
342 340 -0.25
342 350 0.75
343 338 0.0
343 339 -0.5
343 340 0.0
343 351 1.0
344 338 1.0
344 339 0.5
344 340 -1.0
344 352 -0.25
345 349 0.25
345 350 0.25
345 351 1.0
345 352 -0.75
345 409 -0.75
346 410 0.5
347 411 -0.5
348 412 -0.75
349 346 -0.25
349 347 0.5
349 348 0.0
349 357 1.0
350 346 1.0
350 347 -1.0
350 348 0.75
350 358 -0.5
351 346 -1.0
351 347 -0.25
351 348 -0.5
351 359 -0.5
352 346 -1.0
352 347 0.5
352 348 -1.0
352 360 0.0
353 357 0.25
353 358 -0.75
353 359 0.5
353 360 -0.75
353 417 -0.25
354 418 -0.5
355 419 0.25
356 420 0.25
357 354 -1.0
357 355 0.0
357 356 0.0
357 365 -0.25
358 354 0.75
358 355 -0.75
358 356 0.5
358 366 0.0
359 354 0.75
359 355 0.5
359 356 -0.75
359 367 0.0
360 354 0.5
360 355 -0.5
360 356 -0.75
360 368 0.75
361 365 0.75
361 366 0.5
361 367 0.75
361 368 0.25
361 425 1.0
362 426 -1.0
363 427 -1.0
364 428 1.0
365 362 -0.25
365 363 0.5
365 364 1.0
365 373 0.75
366 362 1.0
366 363 0.5
366 364 0.25
366 374 0.5
367 362 -0.25
367 363 -1.0
367 364 -0.5
367 375 0.5
368 362 1.0
368 363 -0.25
368 364 0.75
368 376 0.5
369 373 0.0
369 374 -0.25
369 375 -0.25
369 376 1.0
369 433 -0.25
370 434 -1.0
371 435 -1.0
372 436 0.75
373 370 0.75
373 371 -0.75
373 372 0.25
373 381 0.5
374 370 0.25
374 371 -0.75
374 372 -0.5
374 382 -1.0
375 370 -0.5
375 371 0.75
375 372 0.25
375 383 -0.5
376 370 0.25
376 371 0.75
376 372 -0.25
376 384 0.0
377 381 0.25
377 382 -0.75
377 383 -0.25
377 384 0.75
377 441 -0.25
378 442 -1.0
379 443 0.25
380 444 1.0
381 378 0.5
381 379 1.0
381 380 0.75
382 378 0.75
382 379 -1.0
382 380 0.75
383 378 0.5
383 379 0.25
383 380 -1.0
384 378 -0.5
384 379 0.0
384 380 0.5
385 389 -0.5
385 390 0.25
385 391 -0.25
385 392 -0.5
385 449 1.0
386 450 -0.5
387 451 1.0
388 452 0.0
389 386 0.0
389 387 -0.25
389 388 0.5
389 397 -0.25
390 386 -0.75
390 387 0.5
390 388 -0.5
390 398 -0.25
391 386 -0.5
391 387 -0.75
391 388 0.5
391 399 -0.75
392 386 0.75
392 387 -0.25
392 388 0.75
392 400 -0.5
393 397 1.0
393 398 0.75
393 399 -0.25
393 400 0.25
393 457 -0.75
394 458 -1.0
395 459 0.0
396 460 -0.75
397 394 0.0
397 395 0.0
397 396 0.75
397 405 -0.75
398 394 0.0
398 395 0.5
398 396 -0.25
398 406 0.0
399 394 -0.75
399 395 -0.5
399 396 0.0
399 407 -0.5
400 394 0.75
400 395 -0.75
400 396 -1.0
400 408 1.0
401 405 1.0
401 406 0.5
401 407 0.75
401 408 0.25
401 465 -0.5
402 466 -0.75
403 467 0.25
404 468 0.25
405 402 0.0
405 403 0.0
405 404 0.5
405 413 1.0
406 402 0.0
406 403 -0.75
406 404 1.0
406 414 -0.5
407 402 0.75
407 403 -0.5
407 404 1.0
407 415 0.5
408 402 0.0
408 403 -0.25
408 404 0.5
408 416 -0.5
409 413 -1.0
409 414 -1.0
409 415 0.5
409 416 0.5
409 473 0.25
410 474 0.0
411 475 0.25
412 476 0.5
413 410 1.0
413 411 -0.25
413 412 -0.75
413 421 0.25
414 410 0.0
414 411 -0.5
414 412 0.0
414 422 0.75
415 410 1.0
415 411 1.0
415 412 0.5
415 423 0.25
416 410 -0.25
416 411 0.5
416 412 1.0
416 424 0.0
417 421 -1.0
417 422 0.5
417 423 0.0
417 424 0.5
417 481 -0.5
418 482 0.5
419 483 0.25
420 484 -0.25
421 418 0.25
421 419 0.5
421 420 1.0
421 429 1.0
422 418 1.0
422 419 1.0
422 420 0.0
422 430 -0.5
423 418 0.0
423 419 1.0
423 420 -0.25
423 431 -0.5
424 418 0.0
424 419 0.0
424 420 0.25
424 432 0.0
425 429 0.0
425 430 1.0
425 431 -1.0
425 432 -0.5
425 489 0.5
426 490 0.25
427 491 1.0
428 492 -1.0
429 426 1.0
429 427 -1.0
429 428 0.0
429 437 -1.0
430 426 -0.5
430 427 -0.25
430 428 0.25
430 438 0.75
431 426 0.25
431 427 -1.0
431 428 0.75
431 439 0.0
432 426 0.75
432 427 -0.5
432 428 0.25
432 440 -1.0
433 437 -0.5
433 438 0.5
433 439 0.5
433 440 -0.75
433 497 -0.5
434 498 0.75
435 499 0.75
436 500 1.0
437 434 0.5
437 435 -0.25
437 436 -0.75
437 445 0.0
438 434 -1.0
438 435 -0.5
438 436 0.5
438 446 0.25
439 434 -1.0
439 435 0.25
439 436 0.0
439 447 -0.25
440 434 0.0
440 435 -0.25
440 436 0.0
440 448 -0.75
441 445 0.5
441 446 0.25
441 447 0.5
441 448 -1.0
441 505 0.0
442 506 -1.0
443 507 -1.0
444 508 -0.5
445 442 -1.0
445 443 1.0
445 444 0.0
446 442 0.0
446 443 0.75
446 444 1.0
447 442 1.0
447 443 0.5
447 444 -0.5
448 442 0.5
448 443 -0.25
448 444 0.25
449 453 0.25
449 454 0.25
449 455 0.75
449 456 -1.0
453 450 -1.0
453 451 0.25
453 452 -0.5
453 461 -1.0
454 450 0.0
454 451 -1.0
454 452 -1.0
454 462 -0.25
455 450 0.0
455 451 1.0
455 452 0.75
455 463 -0.5
456 450 1.0
456 451 0.0
456 452 0.0
456 464 1.0
457 461 0.75
457 462 1.0
457 463 0.25
457 464 -0.25
461 458 1.0
461 459 1.0
461 460 1.0
461 469 -0.75
462 458 1.0
462 459 0.0
462 460 1.0
462 470 -0.25
463 458 -0.25
463 459 1.0
463 460 0.0
463 471 1.0
464 458 -0.75
464 459 0.75
464 460 -0.25
464 472 -0.5
465 469 1.0
465 470 -0.25
465 471 0.25
465 472 0.5
469 466 0.25
469 467 1.0
469 468 -0.5
469 477 0.0
470 466 0.25
470 467 -0.25
470 468 0.75
470 478 0.75
471 466 0.25
471 467 -0.75
471 468 -1.0
471 479 1.0
472 466 -0.75
472 467 0.25
472 468 0.75
472 480 -0.25
473 477 0.25
473 478 -0.75
473 479 0.25
473 480 -1.0
477 474 1.0
477 475 -1.0
477 476 -0.5
477 485 0.25
478 474 0.75
478 475 -0.25
478 476 0.0
478 486 -0.25
479 474 1.0
479 475 -0.5
479 476 1.0
479 487 0.5
480 474 -0.25
480 475 -1.0
480 476 -0.5
480 488 0.75
481 485 -1.0
481 486 0.75
481 487 -0.75
481 488 -1.0
485 482 -1.0
485 483 0.75
485 484 -0.75
485 493 -1.0
486 482 0.25
486 483 0.75
486 484 -0.25
486 494 -1.0
487 482 -0.25
487 483 0.75
487 484 -1.0
487 495 0.25
488 482 1.0
488 483 -0.5
488 484 0.25
488 496 0.0
489 493 0.5
489 494 0.75
489 495 -1.0
489 496 0.0
493 490 -0.25
493 491 -0.5
493 492 1.0
493 501 0.5
494 490 -0.25
494 491 1.0
494 492 0.75
494 502 -0.5
495 490 -0.5
495 491 1.0
495 492 -0.5
495 503 0.5
496 490 0.75
496 491 1.0
496 492 -0.5
496 504 -0.25
497 501 0.75
497 502 -1.0
497 503 -0.5
497 504 -0.25
501 498 1.0
501 499 0.75
501 500 0.75
501 509 1.0
502 498 -0.5
502 499 -1.0
502 500 0.0
502 510 -0.25
503 498 1.0
503 499 -0.5
503 500 0.25
503 511 -0.25
504 498 1.0
504 499 0.0
504 500 -0.75
504 512 0.0
505 509 -0.5
505 510 -0.5
505 511 -1.0
505 512 0.25
509 506 -0.25
509 507 0.5
509 508 0.5
510 506 0.0
510 507 0.25
510 508 0.5
511 506 0.5
511 507 -0.75
511 508 1.0
512 506 -0.5
512 507 -1.0
512 508 -0.5
