1 1 0.5
2 2 -0.75
3 3 -0.5
4 4 0.0
5 5 0.75
6 6 0.0
7 7 1.0
8 8 0.5
9 9 -1.0
10 10 -0.25
11 11 -0.25
12 12 -0.5
13 13 0.75
14 14 -0.5
15 15 0.0
16 16 0.0
17 17 0.5
18 18 -0.5
19 19 1.0
20 20 -0.75
21 21 -0.75
22 22 0.75
23 23 0.5
24 24 -1.0
25 25 1.0
26 26 -1.0
27 27 0.5
28 28 0.25
29 29 -0.25
30 30 -1.0
31 31 -1.0
32 32 0.25
33 33 0.0
34 34 -0.5
35 35 0.5
36 36 -0.25
37 37 1.0
38 38 0.75
39 39 -1.0
40 40 0.75
41 41 0.25
42 42 1.0
43 43 0.5
44 44 -0.75
45 45 0.0
46 46 1.0
47 47 0.75
48 48 0.5
49 49 1.0
50 50 -0.25
51 51 0.5
52 52 1.0
53 53 -1.0
54 54 1.0
55 55 1.0
56 56 -0.25
57 57 1.0
58 58 0.5
59 59 0.5
60 60 -0.75
61 61 -0.75
62 62 0.0
63 63 0.75
64 64 0.0
65 65 0.0
66 66 -0.25
67 67 0.5
68 68 0.0
69 69 0.0
70 70 0.75
71 71 -0.75
72 72 -1.0
73 73 -0.5
74 74 0.5
75 75 0.5
76 76 0.75
77 77 0.75
78 78 0.25
79 79 0.75
80 80 0.0
81 81 -0.5
82 82 -0.75
83 83 -0.75
84 84 0.25
85 85 -0.5
86 86 -0.75
87 87 0.75
88 88 1.0
89 89 0.0
90 90 -0.75
91 91 1.0
92 92 -0.25
93 93 0.0
94 94 0.0
95 95 -1.0
96 96 -0.5
97 97 1.0
98 98 1.0
99 99 0.75
100 100 -0.5
1 2 -0.5
1 11 -0.75
2 3 -0.5
2 12 -0.5
3 4 0.75
3 13 1.0
4 5 -0.25
4 14 0.25
5 6 -0.75
5 15 -0.25
6 7 0.0
6 16 1.0
7 8 -1.0
7 17 1.0
8 9 -0.75
8 18 -0.75
9 10 0.5
9 19 -1.0
10 20 -0.75
11 12 -0.75
11 21 0.0
12 13 0.75
12 22 0.75
13 14 -1.0
13 23 -0.5
14 15 0.5
14 24 -1.0
15 16 -0.25
15 25 0.5
16 17 0.0
16 26 0.25
17 18 -0.5
17 27 -1.0
18 19 0.75
18 28 0.0
19 20 0.5
19 29 -0.5
20 30 0.5
21 22 0.75
21 31 0.5
22 23 1.0
22 32 -0.5
23 24 0.75
23 33 -0.5
24 25 0.0
24 34 -0.5
25 26 1.0
25 35 0.25
26 27 -1.0
26 36 0.25
27 28 1.0
27 37 -1.0
28 29 0.25
28 38 0.5
29 30 0.0
29 39 0.75
30 40 0.5
31 32 0.25
31 41 -1.0
32 33 -1.0
32 42 1.0
33 34 -0.5
33 43 0.25
34 35 -0.5
34 44 1.0
35 36 -0.25
35 45 0.25
36 37 0.5
36 46 -0.25
37 38 1.0
37 47 1.0
38 39 -0.25
38 48 0.0
39 40 -0.25
39 49 0.25
40 50 0.5
41 42 0.75
41 51 0.5
42 43 -0.25
42 52 0.5
43 44 0.5
43 53 0.75
44 45 0.5
44 54 -0.5
45 46 0.75
45 55 0.75
46 47 0.0
46 56 0.75
47 48 -0.5
47 57 0.25
48 49 -0.25
48 58 -0.5
49 50 -1.0
49 59 0.75
50 60 -0.25
51 52 -0.25
51 61 0.5
52 53 0.5
52 62 1.0
53 54 -0.25
53 63 -0.25
54 55 0.5
54 64 -0.25
55 56 0.25
55 65 1.0
56 57 -0.75
56 66 -0.25
57 58 1.0
57 67 -0.75
58 59 -0.25
58 68 0.75
59 60 1.0
59 69 0.5
60 70 -1.0
61 62 1.0
61 71 0.0
62 63 -0.25
62 72 0.0
63 64 0.5
63 73 -0.25
64 65 -0.5
64 74 0.0
65 66 0.0
65 75 -0.75
66 67 -1.0
66 76 0.5
67 68 -1.0
67 77 -0.5
68 69 0.25
68 78 -1.0
69 70 0.25
69 79 0.0
70 80 1.0
71 72 -0.75
71 81 0.75
72 73 0.75
72 82 0.0
73 74 0.25
73 83 0.5
74 75 -0.75
74 84 0.0
75 76 0.5
75 85 0.5
76 77 -0.25
76 86 0.0
77 78 0.0
77 87 -1.0
78 79 -0.5
78 88 0.5
79 80 1.0
79 89 0.5
80 90 -0.25
81 82 1.0
81 91 0.5
82 83 0.5
82 92 0.5
83 84 0.0
83 93 -0.75
84 85 0.0
84 94 0.75
85 86 0.0
85 95 0.75
86 87 -0.25
86 96 -0.75
87 88 -1.0
87 97 0.25
88 89 -0.75
88 98 0.75
89 90 -0.75
89 99 0.75
90 100 -0.25
91 92 -1.0
92 93 0.25
93 94 1.0
94 95 0.0
95 96 -0.25
96 97 0.25
97 98 -1.0
98 99 1.0
99 100 -0.25
