1 1 0.25
2 2 -0.25
3 3 -1.0
4 4 0.75
5 5 0.25
6 6 0.5
7 7 0.75
8 8 0.0
9 9 -0.5
10 10 1.0
11 11 -0.25
12 12 -1.0
13 13 -0.25
14 14 -0.25
15 15 -0.25
16 16 -0.25
17 17 -1.0
18 18 0.75
19 19 0.75
20 20 0.0
21 21 -0.25
22 22 -0.5
23 23 -1.0
24 24 0.75
25 25 0.5
26 26 0.5
27 27 0.25
28 28 0.0
29 29 -0.75
30 30 -0.75
31 31 -0.25
32 32 0.0
33 33 0.25
34 34 0.25
35 35 -0.25
36 36 -0.25
37 37 -0.25
38 38 -1.0
39 39 0.75
40 40 1.0
41 41 0.75
42 42 -1.0
43 43 0.0
44 44 -0.25
45 45 -0.25
46 46 1.0
47 47 -0.5
48 48 1.0
49 49 -0.25
50 50 0.25
51 51 -0.25
52 52 -0.75
53 53 0.0
54 54 1.0
55 55 1.0
56 56 0.75
57 57 0.0
58 58 -0.25
59 59 -0.25
60 60 0.0
61 61 0.25
62 62 1.0
63 63 -1.0
64 64 -0.75
65 65 -0.25
66 66 -0.75
67 67 0.25
68 68 -0.75
69 69 -0.75
70 70 -0.25
71 71 0.75
72 72 -0.75
73 73 -0.75
74 74 1.0
75 75 0.0
76 76 1.0
77 77 1.0
78 78 0.0
79 79 0.75
80 80 -0.25
81 81 0.5
82 82 -0.75
83 83 -0.5
84 84 0.25
85 85 1.0
86 86 -0.25
87 87 1.0
88 88 0.25
89 89 -0.75
90 90 1.0
91 91 -1.0
92 92 0.25
93 93 0.25
94 94 -0.5
95 95 -1.0
96 96 0.0
97 97 0.0
98 98 -0.25
99 99 0.25
100 100 -0.75
101 101 0.75
102 102 1.0
103 103 1.0
104 104 0.5
105 105 -0.5
106 106 1.0
107 107 -0.75
108 108 -1.0
109 109 0.5
110 110 0.25
111 111 -0.75
112 112 -0.75
113 113 -0.75
114 114 0.25
115 115 0.0
116 116 0.5
117 117 -0.75
118 118 1.0
119 119 0.0
120 120 -0.5
121 121 0.25
122 122 0.75
123 123 -0.5
124 124 1.0
125 125 0.75
126 126 0.75
127 127 0.25
128 128 -0.25
129 129 0.75
130 130 0.75
131 131 -0.75
132 132 -0.25
133 133 -0.25
134 134 1.0
135 135 0.25
136 136 0.75
137 137 0.75
138 138 0.25
139 139 -1.0
140 140 1.0
141 141 1.0
142 142 -0.25
143 143 -0.75
144 144 1.0
145 145 -1.0
146 146 -0.75
147 147 -1.0
148 148 -1.0
149 149 0.5
150 150 -1.0
151 151 -1.0
152 152 -0.25
153 153 -0.5
154 154 0.25
155 155 -0.25
156 156 0.25
157 157 0.5
158 158 0.5
159 159 0.75
160 160 -1.0
1 2 1.0
1 3 0.75
1 81 -0.75
1 85 -1.0
1 89 0.75
1 93 -0.75
1 97 0.0
1 101 0.5
1 105 -0.75
1 109 -0.5
2 3 -0.25
2 4 0.5
2 113 1.0
2 117 0.0
2 121 -0.25
2 125 0.25
2 129 -0.25
2 133 -0.75
2 137 1.0
2 141 0.0
3 4 0.5
3 97 -1.0
3 101 0.75
3 105 1.0
3 109 -1.0
3 113 -1.0
3 117 -0.75
3 121 0.0
3 125 -0.5
4 129 0.75
4 133 -0.75
4 137 0.0
4 141 -0.25
4 145 -0.25
4 149 -0.75
4 153 -0.5
4 157 0.75
5 6 -0.5
5 7 0.75
5 81 0.0
5 85 0.25
5 89 0.25
5 93 0.0
5 97 1.0
5 101 -0.75
5 105 -0.25
5 109 0.25
6 7 0.0
6 8 0.75
6 113 1.0
6 117 0.0
6 121 0.25
6 125 -0.75
6 129 -0.75
6 133 0.5
6 137 0.25
6 141 1.0
7 8 -0.25
7 97 0.5
7 101 1.0
7 105 -0.5
7 109 -1.0
7 113 0.25
7 117 -0.25
7 121 0.25
7 125 -0.75
8 129 1.0
8 133 0.75
8 137 -1.0
8 141 0.25
8 145 1.0
8 149 1.0
8 153 -0.25
8 157 0.0
9 10 -0.25
9 11 0.25
9 81 -0.5
9 85 -0.5
9 89 0.75
9 93 -0.5
9 97 0.0
9 101 1.0
9 105 0.5
9 109 -1.0
10 11 -0.5
10 12 1.0
10 113 -0.25
10 117 0.5
10 121 0.25
10 125 0.5
10 129 -0.5
10 133 -0.5
10 137 0.75
10 141 0.5
11 12 0.5
11 97 -1.0
11 101 -0.25
11 105 0.5
11 109 -0.75
11 113 1.0
11 117 -0.5
11 121 -1.0
11 125 -0.25
12 129 1.0
12 133 0.5
12 137 -1.0
12 141 -0.25
12 145 0.5
12 149 -0.25
12 153 -0.75
12 157 -1.0
13 14 0.0
13 15 0.25
13 81 -1.0
13 85 -0.75
13 89 0.75
13 93 0.0
13 97 -1.0
13 101 -0.25
13 105 0.0
13 109 -0.75
14 15 0.25
14 16 0.0
14 113 0.75
14 117 0.25
14 121 0.5
14 125 -0.25
14 129 -0.75
14 133 0.25
14 137 1.0
14 141 0.75
15 16 -0.25
15 97 -1.0
15 101 0.0
15 105 1.0
15 109 0.0
15 113 1.0
15 117 1.0
15 121 -0.75
15 125 0.25
16 129 0.25
16 133 0.75
16 137 -0.25
16 141 -0.25
16 145 -0.25
16 149 -0.25
16 153 -0.75
16 157 1.0
17 18 0.5
17 19 -0.5
17 81 0.0
17 83 -0.75
17 85 0.25
17 87 -0.25
17 89 -0.75
17 91 -1.0
17 93 1.0
17 95 -1.0
17 97 0.75
17 99 0.75
17 101 -0.5
17 103 0.0
17 105 -0.5
17 107 0.25
17 109 0.75
17 111 0.25
18 19 0.75
18 20 -0.25
18 113 -1.0
18 115 1.0
18 117 -0.5
18 119 0.75
18 121 0.0
18 123 -1.0
18 125 0.0
18 127 -0.75
18 129 -0.5
18 131 -0.5
18 133 -1.0
18 135 -1.0
18 137 0.25
18 139 0.25
18 141 1.0
18 143 -1.0
19 20 0.0
19 97 0.5
19 99 -0.5
19 101 -0.25
19 103 -0.75
19 105 0.25
19 107 -1.0
19 109 0.75
19 111 -0.5
19 113 0.0
19 115 0.75
19 117 0.75
19 119 1.0
19 121 -0.25
19 123 0.5
19 125 -0.5
19 127 0.0
20 129 -0.5
20 131 0.0
20 133 -0.5
20 135 0.75
20 137 -0.25
20 139 1.0
20 141 0.25
20 143 1.0
20 145 0.75
20 147 0.5
20 149 0.25
20 151 0.75
20 153 0.5
20 155 0.75
20 157 -1.0
20 159 -1.0
21 22 -0.25
21 23 0.25
21 81 -0.75
21 83 -1.0
21 85 0.25
21 87 -0.25
21 89 -0.5
21 91 0.25
21 93 -0.25
21 95 -0.75
21 97 0.5
21 99 0.25
21 101 0.25
21 103 0.0
21 105 -0.75
21 107 1.0
21 109 -1.0
21 111 0.5
22 23 1.0
22 24 0.75
22 113 0.0
22 115 -0.75
22 117 -0.75
22 119 0.0
22 121 -0.5
22 123 -0.5
22 125 1.0
22 127 -0.25
22 129 0.0
22 131 -0.5
22 133 0.0
22 135 1.0
22 137 0.0
22 139 0.0
22 141 0.0
22 143 0.0
23 24 -0.25
23 97 -0.75
23 99 -0.25
23 101 0.75
23 103 -0.5
23 105 -0.5
23 107 1.0
23 109 0.75
23 111 1.0
23 113 -0.75
23 115 -0.25
23 117 0.25
23 119 0.75
23 121 -0.25
23 123 1.0
23 125 0.25
23 127 -0.5
24 129 0.0
24 131 1.0
24 133 -0.5
24 135 -0.75
24 137 0.0
24 139 1.0
24 141 -1.0
24 143 1.0
24 145 0.5
24 147 -1.0
24 149 -0.75
24 151 -0.5
24 153 0.5
24 155 1.0
24 157 0.5
24 159 0.75
25 26 0.25
25 27 0.5
25 81 1.0
25 83 -0.5
25 85 0.5
25 87 -0.25
25 89 -0.25
25 91 0.25
25 93 1.0
25 95 -1.0
25 97 1.0
25 99 0.75
25 101 1.0
25 103 -0.5
25 105 0.5
25 107 -1.0
25 109 0.75
25 111 -0.75
26 27 0.25
26 28 0.5
26 113 -0.75
26 115 -1.0
26 117 0.75
26 119 -0.25
26 121 -1.0
26 123 1.0
26 125 0.0
26 127 0.25
26 129 -1.0
26 131 0.25
26 133 -0.75
26 135 0.0
26 137 -0.75
26 139 0.75
26 141 -0.25
26 143 0.25
27 28 -0.25
27 97 -0.25
27 99 -1.0
27 101 -0.75
27 103 -0.5
27 105 -0.5
27 107 -0.75
27 109 0.25
27 111 0.5
27 113 -1.0
27 115 0.25
27 117 0.75
27 119 -0.75
27 121 -0.75
27 123 -0.25
27 125 0.25
27 127 0.0
28 129 -0.75
28 131 -0.5
28 133 -0.5
28 135 -0.5
28 137 0.75
28 139 1.0
28 141 0.0
28 143 0.25
28 145 1.0
28 147 0.5
28 149 1.0
28 151 0.25
28 153 0.75
28 155 -1.0
28 157 0.75
28 159 -0.25
29 30 -1.0
29 31 0.0
29 81 -1.0
29 83 -0.75
29 85 -0.25
29 87 0.5
29 89 0.75
29 91 0.5
29 93 -0.75
29 95 -0.25
29 97 0.5
29 99 0.75
29 101 1.0
29 103 0.25
29 105 0.25
29 107 0.25
29 109 0.5
29 111 -0.5
30 31 -0.25
30 32 1.0
30 113 -0.25
30 115 -0.25
30 117 -1.0
30 119 0.5
30 121 0.5
30 123 1.0
30 125 1.0
30 127 -0.5
30 129 0.75
30 131 -0.25
30 133 0.5
30 135 -0.25
30 137 0.0
30 139 0.0
30 141 -0.75
30 143 -0.5
31 32 0.25
31 97 -0.25
31 99 -0.25
31 101 0.25
31 103 -0.75
31 105 -1.0
31 107 0.5
31 109 -1.0
31 111 1.0
31 113 0.75
31 115 -0.5
31 117 -0.5
31 119 -0.5
31 121 -1.0
31 123 -0.75
31 125 0.5
31 127 1.0
32 129 0.5
32 131 0.75
32 133 0.25
32 135 0.75
32 137 0.0
32 139 0.25
32 141 -0.25
32 143 0.75
32 145 -0.5
32 147 -0.25
32 149 0.5
32 151 -0.75
32 153 -0.5
32 155 0.0
32 157 -0.25
32 159 0.25
33 34 0.0
33 35 0.0
33 82 0.5
33 83 0.0
33 86 0.0
33 87 0.25
33 90 1.0
33 91 0.0
33 94 -0.5
33 95 0.0
33 98 0.25
33 99 -0.5
33 102 -0.25
33 103 -0.25
33 106 -0.25
33 107 -0.25
33 110 -1.0
33 111 0.0
34 35 -1.0
34 36 -1.0
34 114 0.5
34 115 -0.25
34 118 -1.0
34 119 -0.5
34 122 1.0
34 123 1.0
34 126 -0.5
34 127 -0.75
34 130 -0.25
34 131 0.25
34 134 -0.25
34 135 0.0
34 138 -1.0
34 139 -0.5
34 142 -0.25
34 143 -1.0
35 36 0.75
35 98 -1.0
35 99 0.75
35 102 -0.75
35 103 1.0
35 106 0.25
35 107 -0.75
35 110 1.0
35 111 0.75
35 114 -0.25
35 115 -0.75
35 118 0.5
35 119 0.0
35 122 0.75
35 123 0.0
35 126 0.0
35 127 -0.75
36 130 -1.0
36 131 0.0
36 134 1.0
36 135 0.25
36 138 -0.25
36 139 0.25
36 142 0.5
36 143 0.5
36 146 0.25
36 147 0.25
36 150 -0.5
36 151 0.0
36 154 0.75
36 155 0.0
36 158 1.0
36 159 -0.5
37 38 0.5
37 39 0.75
37 82 0.25
37 83 -0.75
37 86 0.75
37 87 -0.75
37 90 -0.25
37 91 1.0
37 94 1.0
37 95 0.75
37 98 -1.0
37 99 -1.0
37 102 0.75
37 103 1.0
37 106 0.25
37 107 -0.5
37 110 0.75
37 111 -0.25
38 39 0.25
38 40 -0.5
38 114 0.0
38 115 -0.25
38 118 0.0
38 119 -0.5
38 122 0.0
38 123 0.75
38 126 -0.75
38 127 1.0
38 130 -1.0
38 131 -0.75
38 134 0.5
38 135 0.0
38 138 0.25
38 139 -0.75
38 142 0.75
38 143 0.5
39 40 0.0
39 98 1.0
39 99 1.0
39 102 0.0
39 103 1.0
39 106 0.75
39 107 1.0
39 110 -0.5
39 111 0.0
39 114 0.75
39 115 0.0
39 118 0.25
39 119 0.5
39 122 1.0
39 123 -0.25
39 126 0.5
39 127 -1.0
40 130 -0.5
40 131 0.25
40 134 -1.0
40 135 -0.5
40 138 0.5
40 139 -0.75
40 142 1.0
40 143 -0.75
40 146 1.0
40 147 -0.25
40 150 -0.5
40 151 1.0
40 154 0.5
40 155 0.25
40 158 1.0
40 159 0.0
41 42 -1.0
41 43 1.0
41 82 0.5
41 83 -0.5
41 86 -1.0
41 87 1.0
41 90 -0.5
41 91 0.75
41 94 0.25
41 95 1.0
41 98 -0.75
41 99 0.75
41 102 1.0
41 103 0.5
41 106 0.5
41 107 -0.75
41 110 0.0
41 111 0.75
42 43 -1.0
42 44 0.5
42 114 0.5
42 115 0.5
42 118 0.75
42 119 0.25
42 122 -0.5
42 123 0.75
42 126 0.25
42 127 0.25
42 130 -0.25
42 131 0.25
42 134 -1.0
42 135 -0.75
42 138 -0.5
42 139 1.0
42 142 0.0
42 143 -0.5
43 44 -0.75
43 98 0.25
43 99 0.75
43 102 -1.0
43 103 0.5
43 106 -1.0
43 107 0.75
43 110 -1.0
43 111 0.0
43 114 0.75
43 115 0.25
43 118 -1.0
43 119 0.75
43 122 -0.75
43 123 -0.5
43 126 0.5
43 127 -0.75
44 130 -0.5
44 131 0.25
44 134 -1.0
44 135 0.25
44 138 -1.0
44 139 -0.25
44 142 1.0
44 143 -0.75
44 146 -0.25
44 147 0.0
44 150 0.25
44 151 0.0
44 154 0.0
44 155 -1.0
44 158 1.0
44 159 0.5
45 46 -0.25
45 47 0.25
45 82 0.75
45 83 -0.75
45 86 0.75
45 87 -0.25
45 90 0.5
45 91 0.0
45 94 -1.0
45 95 -0.75
45 98 0.25
45 99 0.75
45 102 -0.5
45 103 0.5
45 106 0.25
45 107 -0.25
45 110 0.75
45 111 1.0
46 47 0.75
46 48 0.5
46 114 1.0
46 115 -0.25
46 118 0.5
46 119 -0.75
46 122 -0.25
46 123 -1.0
46 126 0.25
46 127 -0.75
46 130 0.25
46 131 0.75
46 134 -0.25
46 135 -1.0
46 138 0.25
46 139 -0.5
46 142 0.5
46 143 -0.5
47 48 0.75
47 98 -0.75
47 99 0.25
47 102 0.0
47 103 0.75
47 106 -0.25
47 107 1.0
47 110 -0.5
47 111 -0.25
47 114 0.75
47 115 -1.0
47 118 -0.75
47 119 -0.25
47 122 0.5
47 123 -0.5
47 126 1.0
47 127 -0.25
48 130 1.0
48 131 0.0
48 134 -0.75
48 135 -0.75
48 138 0.0
48 139 0.0
48 142 0.0
48 143 0.25
48 146 -0.25
48 147 0.25
48 150 1.0
48 151 -1.0
48 154 0.75
48 155 -0.25
48 158 -1.0
48 159 0.25
49 50 1.0
49 51 -0.75
49 82 -0.75
49 84 0.25
49 86 0.5
49 88 -1.0
49 90 -0.75
49 92 -0.5
49 94 0.5
49 96 -0.75
49 98 -0.25
49 100 -0.5
49 102 -1.0
49 104 -0.75
49 106 0.0
49 108 -0.25
49 110 -0.75
49 112 0.0
50 51 -0.5
50 52 -0.25
50 114 0.0
50 116 0.5
50 118 0.0
50 120 -0.5
50 122 -0.25
50 124 0.5
50 126 1.0
50 128 0.0
50 130 -1.0
50 132 0.75
50 134 0.0
50 136 1.0
50 138 -1.0
50 140 0.25
50 142 -0.5
50 144 -0.25
51 52 1.0
51 98 0.25
51 100 0.25
51 102 0.75
51 104 0.5
51 106 0.0
51 108 -0.5
51 110 -1.0
51 112 0.0
51 114 0.25
51 116 -0.5
51 118 0.0
51 120 -0.25
51 122 0.5
51 124 0.5
51 126 -1.0
51 128 -0.75
52 130 0.75
52 132 0.25
52 134 0.75
52 136 -0.5
52 138 0.0
52 140 1.0
52 142 -1.0
52 144 1.0
52 146 -1.0
52 148 -1.0
52 150 -0.25
52 152 1.0
52 154 -0.5
52 156 -0.75
52 158 1.0
52 160 -1.0
53 54 -0.5
53 55 -0.5
53 82 0.75
53 84 -1.0
53 86 -0.75
53 88 1.0
53 90 -0.75
53 92 0.0
53 94 1.0
53 96 0.75
53 98 -0.75
53 100 0.25
53 102 -0.5
53 104 -0.75
53 106 -0.5
53 108 1.0
53 110 0.0
53 112 -0.25
54 55 0.75
54 56 0.25
54 114 -0.5
54 116 0.0
54 118 -0.25
54 120 0.5
54 122 -0.25
54 124 0.75
54 126 0.25
54 128 0.25
54 130 -1.0
54 132 0.25
54 134 0.25
54 136 0.5
54 138 0.25
54 140 0.25
54 142 -0.75
54 144 1.0
55 56 0.0
55 98 0.75
55 100 0.75
55 102 -0.25
55 104 -0.75
55 106 -0.25
55 108 -0.75
55 110 -0.5
55 112 0.5
55 114 -1.0
55 116 0.5
55 118 -0.25
55 120 0.75
55 122 0.75
55 124 0.75
55 126 0.5
55 128 -0.5
56 130 0.75
56 132 1.0
56 134 0.25
56 136 0.0
56 138 0.0
56 140 -0.75
56 142 -0.75
56 144 -0.25
56 146 -0.25
56 148 -0.5
56 150 1.0
56 152 -0.25
56 154 1.0
56 156 0.5
56 158 -0.25
56 160 -1.0
57 58 -0.25
57 59 1.0
57 82 0.75
57 84 0.75
57 86 0.0
57 88 0.5
57 90 1.0
57 92 -0.5
57 94 0.5
57 96 0.5
57 98 1.0
57 100 0.5
57 102 0.25
57 104 0.25
57 106 0.0
57 108 -0.75
57 110 -0.5
57 112 -0.25
58 59 0.0
58 60 0.75
58 114 -0.75
58 116 0.0
58 118 -0.5
58 120 -0.5
58 122 0.25
58 124 0.0
58 126 1.0
58 128 0.0
58 130 0.0
58 132 -0.75
58 134 1.0
58 136 -0.5
58 138 -0.75
58 140 0.5
58 142 -0.75
58 144 -0.5
59 60 0.5
59 98 1.0
59 100 0.5
59 102 0.0
59 104 -0.75
59 106 -0.5
59 108 0.5
59 110 1.0
59 112 0.75
59 114 -1.0
59 116 0.5
59 118 0.25
59 120 -0.25
59 122 -1.0
59 124 -0.75
59 126 -0.25
59 128 -0.25
60 130 1.0
60 132 -0.25
60 134 -0.5
60 136 -1.0
60 138 -0.25
60 140 0.0
60 142 0.25
60 144 -0.5
60 146 0.5
60 148 0.0
60 150 0.0
60 152 0.5
60 154 -0.25
60 156 -1.0
60 158 -0.75
60 160 -0.75
61 62 0.0
61 63 0.25
61 82 -0.75
61 84 0.0
61 86 -0.5
61 88 1.0
61 90 0.0
61 92 0.25
61 94 1.0
61 96 0.5
61 98 -0.5
61 100 -0.75
61 102 0.25
61 104 0.0
61 106 -1.0
61 108 -1.0
61 110 0.5
61 112 0.75
62 63 1.0
62 64 -0.5
62 114 0.5
62 116 -0.5
62 118 0.0
62 120 0.25
62 122 0.5
62 124 0.25
62 126 1.0
62 128 1.0
62 130 -1.0
62 132 -0.5
62 134 -0.5
62 136 0.25
62 138 -1.0
62 140 0.5
62 142 1.0
62 144 0.75
63 64 -0.75
63 98 1.0
63 100 0.0
63 102 -1.0
63 104 0.5
63 106 -1.0
63 108 -1.0
63 110 0.5
63 112 1.0
63 114 -1.0
63 116 -0.75
63 118 -0.5
63 120 -0.75
63 122 -0.25
63 124 -0.25
63 126 0.25
63 128 -0.5
64 130 -0.25
64 132 0.25
64 134 0.25
64 136 -0.5
64 138 -1.0
64 140 -1.0
64 142 -0.5
64 144 0.5
64 146 -0.25
64 148 -0.5
64 150 -0.75
64 152 0.75
64 154 1.0
64 156 -0.25
64 158 0.0
64 160 -1.0
65 66 0.0
65 67 -0.75
65 84 1.0
65 88 -0.25
65 92 -0.25
65 96 1.0
65 100 -0.25
65 104 0.75
65 108 0.5
65 112 0.0
66 67 0.0
66 68 0.25
66 116 0.25
66 120 -0.75
66 124 -0.25
66 128 0.75
66 132 0.5
66 136 0.0
66 140 0.75
66 144 0.5
67 68 -1.0
67 100 0.75
67 104 1.0
67 108 0.75
67 112 -1.0
67 116 0.0
67 120 1.0
67 124 0.5
67 128 0.0
68 132 -1.0
68 136 0.25
68 140 0.5
68 144 -0.75
68 148 0.5
68 152 0.5
68 156 1.0
68 160 0.5
69 70 0.0
69 71 -0.75
69 84 0.25
69 88 0.0
69 92 1.0
69 96 0.75
69 100 -0.5
69 104 0.5
69 108 1.0
69 112 0.0
70 71 1.0
70 72 -0.5
70 116 0.75
70 120 0.75
70 124 0.75
70 128 -0.25
70 132 1.0
70 136 -0.5
70 140 0.5
70 144 0.25
71 72 -0.5
71 100 0.25
71 104 0.75
71 108 1.0
71 112 -0.25
71 116 0.75
71 120 0.75
71 124 -1.0
71 128 0.75
72 132 0.75
72 136 1.0
72 140 -0.75
72 144 0.75
72 148 0.0
72 152 -0.75
72 156 0.25
72 160 0.5
73 74 0.5
73 75 -1.0
73 84 -0.75
73 88 0.75
73 92 -0.25
73 96 0.75
73 100 0.5
73 104 -0.5
73 108 0.5
73 112 -0.75
74 75 -0.25
74 76 0.75
74 116 0.0
74 120 0.5
74 124 -0.25
74 128 1.0
74 132 1.0
74 136 -1.0
74 140 0.25
74 144 0.0
75 76 0.75
75 100 0.25
75 104 0.25
75 108 0.0
75 112 -0.25
75 116 -0.5
75 120 -1.0
75 124 0.0
75 128 0.75
76 132 1.0
76 136 1.0
76 140 0.25
76 144 0.5
76 148 0.5
76 152 0.5
76 156 -0.5
76 160 0.0
77 78 0.0
77 79 -1.0
77 84 0.25
77 88 -0.25
77 92 0.0
77 96 0.5
77 100 -1.0
77 104 -0.25
77 108 -0.75
77 112 0.25
78 79 -0.25
78 80 -0.5
78 116 0.25
78 120 0.75
78 124 -0.5
78 128 -0.25
78 132 -0.5
78 136 1.0
78 140 -1.0
78 144 0.0
79 80 0.25
79 100 0.5
79 104 -0.25
79 108 -1.0
79 112 -0.25
79 116 0.75
79 120 0.25
79 124 -0.75
79 128 -0.75
80 132 0.25
80 136 -0.25
80 140 0.75
80 144 0.75
80 148 0.5
80 152 0.0
80 156 0.75
80 160 0.5
81 82 0.5
81 83 0.5
82 83 0.0
82 84 -0.5
83 84 -0.5
85 86 0.0
85 87 1.0
86 87 0.25
86 88 -0.5
87 88 0.75
89 90 1.0
89 91 0.25
90 91 0.5
90 92 0.0
91 92 -0.75
93 94 0.75
93 95 -0.25
94 95 -0.25
94 96 0.0
95 96 1.0
97 98 -0.25
97 99 1.0
98 99 0.25
98 100 1.0
99 100 1.0
101 102 0.5
101 103 -1.0
102 103 -1.0
102 104 -0.75
103 104 0.75
105 106 0.0
105 107 -1.0
106 107 -0.75
106 108 -0.5
107 108 -0.5
109 110 -0.5
109 111 -0.25
110 111 -0.75
110 112 -0.25
111 112 -0.75
113 114 0.75
113 115 0.75
114 115 0.5
114 116 1.0
115 116 -1.0
117 118 -0.25
117 119 0.25
118 119 1.0
118 120 0.75
119 120 -1.0
121 122 -0.25
121 123 -1.0
122 123 -0.25
122 124 0.25
123 124 -1.0
125 126 0.5
125 127 1.0
126 127 -0.75
126 128 -1.0
127 128 0.5
129 130 -0.25
129 131 -1.0
130 131 1.0
130 132 -0.5
131 132 0.25
133 134 0.25
133 135 0.5
134 135 -0.75
134 136 -0.5
135 136 0.5
137 138 1.0
137 139 -0.5
138 139 -0.75
138 140 0.75
139 140 0.0
141 142 0.25
141 143 1.0
142 143 0.25
142 144 0.5
143 144 -0.75
145 146 0.75
145 147 -0.5
146 147 -0.25
146 148 -0.5
147 148 1.0
149 150 -1.0
149 151 0.25
150 151 -0.5
150 152 0.0
151 152 0.75
153 154 0.75
153 155 0.25
154 155 0.0
154 156 0.5
155 156 -0.75
157 158 -0.5
157 159 -0.5
158 159 0.0
158 160 0.5
159 160 -0.75
