1 1 0.5
2 2 -0.5
3 3 0.0
4 4 0.75
5 5 0.0
6 6 1.0
7 7 0.5
8 8 -1.0
9 9 0.75
10 10 0.25
11 11 -1.0
12 12 0.0
13 13 -0.75
14 14 -0.75
15 15 -0.25
16 16 0.0
17 17 -1.0
18 18 1.0
19 19 -0.25
20 20 1.0
21 21 -0.5
22 22 1.0
23 23 0.25
24 24 1.0
25 25 0.25
1 2 -0.5
1 6 0.5
2 3 0.5
2 7 -1.0
3 4 -0.25
3 8 -1.0
4 5 0.0
4 9 -0.25
5 10 -0.25
6 7 -0.5
6 11 0.5
7 8 -0.5
7 12 0.0
8 9 0.75
8 13 0.75
9 10 -1.0
9 14 0.75
10 15 0.75
11 12 0.5
11 16 0.0
12 13 -0.5
12 17 0.0
13 14 0.75
13 18 0.0
14 15 0.25
14 19 -0.75
15 20 0.25
16 17 -0.5
16 21 -1.0
17 18 -0.75
17 22 1.0
18 19 0.5
18 23 -0.5
19 20 0.5
19 24 -1.0
20 25 0.25
21 22 -1.0
22 23 0.75
23 24 0.0
24 25 -1.0
