1 1 -1.0
2 2 -0.25
3 3 -1.0
4 4 0.75
5 5 -0.25
6 6 0.0
7 7 1.0
8 8 -1.0
9 9 -0.75
10 10 -0.25
11 11 0.25
12 12 -0.25
13 13 -0.5
14 14 1.0
15 15 0.5
16 16 -0.5
17 17 -0.25
18 18 0.0
19 19 -0.25
20 20 0.25
21 21 -0.25
22 22 -0.5
23 23 -0.75
24 24 -1.0
25 25 0.25
26 26 0.75
27 27 0.0
28 28 -0.75
29 29 -0.75
30 30 -1.0
31 31 0.5
32 32 0.0
33 33 -1.0
34 34 -1.0
35 35 1.0
36 36 -0.5
37 37 -0.25
38 38 0.0
39 39 -0.25
40 40 0.5
41 41 1.0
42 42 -0.75
43 43 0.5
44 44 -0.75
45 45 1.0
46 46 0.5
47 47 -0.75
48 48 -0.75
49 49 0.0
50 50 -0.5
51 51 0.5
52 52 1.0
53 53 1.0
54 54 0.5
55 55 -0.25
56 56 -0.75
57 57 0.75
58 58 0.0
59 59 -0.5
60 60 -1.0
61 61 -1.0
62 62 -0.25
63 63 -0.5
64 64 -0.5
65 65 -0.25
66 66 0.75
67 67 -0.75
68 68 0.0
69 69 1.0
70 70 -0.75
71 71 0.5
72 72 -0.75
73 73 0.5
74 74 0.75
75 75 0.25
76 76 0.25
77 77 -1.0
78 78 -0.5
79 79 -0.5
80 80 0.0
81 81 0.0
82 82 0.0
83 83 0.5
84 84 0.75
85 85 -0.75
86 86 0.25
87 87 0.0
88 88 0.0
89 89 0.25
90 90 -0.25
91 91 -0.5
92 92 0.0
93 93 -0.5
94 94 0.0
95 95 0.5
96 96 0.0
97 97 0.75
98 98 1.0
99 99 0.75
100 100 0.5
101 101 0.5
102 102 0.25
103 103 -0.5
104 104 -1.0
105 105 0.75
106 106 -0.5
107 107 -1.0
108 108 -0.25
109 109 0.0
110 110 -0.25
111 111 -0.5
112 112 -1.0
113 113 -0.75
114 114 0.75
115 115 0.75
116 116 0.25
117 117 0.5
118 118 -0.25
119 119 0.0
120 120 -0.25
121 121 -0.25
122 122 0.25
123 123 0.75
124 124 0.5
125 125 -1.0
126 126 0.0
127 127 1.0
128 128 1.0
129 129 -0.5
130 130 -0.5
131 131 -0.25
132 132 -0.75
133 133 -0.25
134 134 -0.25
135 135 -1.0
136 136 -0.5
137 137 1.0
138 138 0.25
139 139 -0.5
140 140 0.75
141 141 0.75
142 142 -0.5
143 143 0.5
144 144 0.5
145 145 0.75
146 146 1.0
147 147 0.25
148 148 0.0
149 149 -1.0
150 150 1.0
151 151 -0.75
152 152 0.25
153 153 0.75
154 154 -1.0
155 155 1.0
156 156 -0.5
157 157 -0.25
158 158 -1.0
159 159 0.25
160 160 1.0
161 161 1.0
162 162 1.0
163 163 -0.25
164 164 0.0
165 165 -1.0
166 166 1.0
167 167 0.25
168 168 0.0
169 169 1.0
170 170 0.75
171 171 -0.25
172 172 0.75
173 173 1.0
174 174 -0.25
175 175 -0.5
176 176 0.75
177 177 -0.5
178 178 -0.5
179 179 -0.25
180 180 -1.0
181 181 0.0
182 182 0.0
183 183 -1.0
184 184 1.0
185 185 -0.5
186 186 -0.5
187 187 -0.25
188 188 0.0
189 189 0.75
190 190 -0.75
191 191 -0.75
192 192 0.75
193 193 -0.75
194 194 -1.0
195 195 -1.0
196 196 -0.5
197 197 -0.25
198 198 0.0
199 199 0.25
200 200 0.25
201 201 -1.0
202 202 -0.5
203 203 1.0
204 204 0.75
205 205 -1.0
206 206 -0.75
207 207 0.0
208 208 0.75
209 209 0.75
210 210 0.75
211 211 -0.75
212 212 -0.75
213 213 -0.5
214 214 -0.75
215 215 0.25
216 216 -0.75
217 217 -0.75
218 218 -0.75
219 219 -0.75
220 220 0.25
221 221 -0.5
222 222 -0.75
223 223 0.0
224 224 0.75
225 225 0.0
226 226 1.0
227 227 0.25
228 228 1.0
229 229 -1.0
230 230 -0.25
231 231 0.25
232 232 -0.25
233 233 0.75
234 234 0.75
235 235 -0.5
236 236 1.0
237 237 1.0
238 238 -0.75
239 239 0.25
240 240 0.75
241 241 0.0
242 242 0.0
243 243 1.0
244 244 0.0
245 245 0.25
246 246 -0.25
247 247 -1.0
248 248 1.0
249 249 -0.5
250 250 -1.0
251 251 -1.0
252 252 0.5
253 253 0.0
254 254 0.25
255 255 0.75
256 256 -0.25
257 257 0.5
258 258 0.75
259 259 -1.0
260 260 -0.25
261 261 -1.0
262 262 0.5
263 263 -0.25
264 264 -0.5
265 265 0.75
266 266 -0.25
267 267 -0.75
268 268 0.75
269 269 0.75
270 270 -0.25
271 271 -0.25
272 272 -0.75
273 273 -0.75
274 274 0.0
275 275 0.25
276 276 -0.75
277 277 -1.0
278 278 1.0
279 279 0.0
280 280 -1.0
281 281 0.25
282 282 -0.75
283 283 -0.75
284 284 0.5
285 285 -1.0
286 286 -0.75
287 287 0.75
288 288 1.0
289 289 0.0
290 290 -0.25
291 291 0.0
292 292 1.0
293 293 0.5
294 294 0.0
295 295 0.75
296 296 -0.25
297 297 -0.25
298 298 -0.25
299 299 -1.0
300 300 -0.75
301 301 -0.25
302 302 0.25
303 303 0.75
304 304 -0.5
305 305 0.75
306 306 0.0
307 307 0.25
308 308 0.75
309 309 0.75
310 310 0.75
311 311 0.0
312 312 0.75
313 313 -0.75
314 314 -0.5
315 315 0.25
316 316 -1.0
317 317 -0.5
318 318 -1.0
319 319 1.0
320 320 -0.5
321 321 -0.25
322 322 0.75
323 323 0.5
324 324 0.25
325 325 0.75
326 326 0.75
327 327 0.75
328 328 0.75
329 329 0.75
330 330 0.25
331 331 -0.5
332 332 0.5
333 333 -0.75
334 334 -0.5
335 335 -0.25
336 336 -0.75
337 337 0.75
338 338 0.25
339 339 -0.75
340 340 0.75
341 341 -1.0
342 342 0.75
343 343 0.25
344 344 -0.25
345 345 1.0
346 346 0.25
347 347 -0.75
348 348 -0.5
349 349 -0.75
350 350 0.0
351 351 1.0
352 352 0.75
353 353 -0.5
354 354 0.75
355 355 0.5
356 356 -0.25
357 357 -1.0
358 358 -0.75
359 359 -1.0
360 360 -1.0
361 361 -0.75
362 362 -0.25
363 363 -1.0
364 364 1.0
365 365 0.25
366 366 1.0
367 367 0.75
368 368 0.0
369 369 -0.75
370 370 0.75
371 371 0.5
372 372 0.75
373 373 0.75
374 374 -1.0
375 375 -0.25
376 376 0.0
377 377 -0.75
378 378 0.0
379 379 0.25
380 380 -0.25
381 381 0.5
382 382 -0.75
383 383 -0.75
384 384 -0.5
385 385 -0.25
386 386 0.75
387 387 0.25
388 388 -0.5
389 389 1.0
390 390 1.0
391 391 -0.75
392 392 -0.25
393 393 -0.5
394 394 1.0
395 395 0.25
396 396 -0.25
397 397 0.75
398 398 0.5
399 399 -0.75
400 400 0.0
1 2 1.0
1 21 0.75
2 3 -1.0
2 22 -0.5
3 4 0.5
3 23 1.0
4 5 -0.5
4 24 0.5
5 6 0.5
5 25 0.5
6 7 -0.25
6 26 -0.25
7 8 0.0
7 27 -1.0
8 9 -0.5
8 28 -0.5
9 10 0.75
9 29 1.0
10 11 -0.5
10 30 -1.0
11 12 -0.25
11 31 -0.25
12 13 0.0
12 32 0.0
13 14 -0.5
13 33 -0.75
14 15 1.0
14 34 -1.0
15 16 -0.5
15 35 -0.25
16 17 -0.75
16 36 -0.25
17 18 0.0
17 37 -0.75
18 19 -1.0
18 38 -0.75
19 20 -0.75
19 39 -1.0
20 40 -1.0
21 22 -0.5
21 41 -0.5
22 23 -0.75
22 42 -1.0
23 24 -1.0
23 43 -0.5
24 25 -1.0
24 44 -0.25
25 26 0.5
25 45 0.25
26 27 0.25
26 46 1.0
27 28 0.0
27 47 -0.75
28 29 0.75
28 48 -0.5
29 30 -0.5
29 49 -0.5
30 31 0.75
30 50 0.75
31 32 -0.75
31 51 0.25
32 33 1.0
32 52 -0.5
33 34 -0.25
33 53 0.0
34 35 -0.75
34 54 0.0
35 36 0.25
35 55 1.0
36 37 0.5
36 56 -0.25
37 38 -0.25
37 57 -0.75
38 39 -0.75
38 58 -0.25
39 40 0.0
39 59 -0.25
40 60 0.25
41 42 -0.25
41 61 -1.0
42 43 0.75
42 62 -1.0
43 44 0.75
43 63 1.0
44 45 -0.25
44 64 -0.5
45 46 -1.0
45 65 -0.5
46 47 1.0
46 66 0.25
47 48 1.0
47 67 -1.0
48 49 -0.25
48 68 -0.25
49 50 1.0
49 69 -0.5
50 51 0.5
50 70 0.0
51 52 -0.25
51 71 0.5
52 53 1.0
52 72 0.5
53 54 0.0
53 73 -0.75
54 55 -0.75
54 74 0.0
55 56 -1.0
55 75 -1.0
56 57 0.0
56 76 0.25
57 58 0.5
57 77 0.25
58 59 1.0
58 78 0.5
59 60 -0.5
59 79 0.75
60 80 -1.0
61 62 -1.0
61 81 0.75
62 63 0.25
62 82 0.25
63 64 1.0
63 83 -1.0
64 65 0.0
64 84 -0.75
65 66 0.25
65 85 1.0
66 67 0.5
66 86 -0.5
67 68 0.5
67 87 0.75
68 69 0.5
68 88 -0.75
69 70 -0.75
69 89 -0.25
70 71 1.0
70 90 0.5
71 72 0.0
71 91 1.0
72 73 0.5
72 92 0.75
73 74 1.0
73 93 0.0
74 75 0.0
74 94 -0.5
75 76 -0.75
75 95 0.0
76 77 0.5
76 96 0.25
77 78 1.0
77 97 -0.5
78 79 0.5
78 98 -0.5
79 80 0.25
79 99 -0.25
80 100 -0.75
81 82 0.5
81 101 -0.25
82 83 0.5
82 102 0.25
83 84 0.25
83 103 0.75
84 85 -0.75
84 104 0.0
85 86 -1.0
85 105 -0.25
86 87 1.0
86 106 0.25
87 88 -0.25
87 107 -0.25
88 89 0.75
88 108 -1.0
89 90 0.0
89 109 -1.0
90 91 0.5
90 110 0.25
91 92 -0.75
91 111 0.5
92 93 0.5
92 112 -0.5
93 94 0.25
93 113 -1.0
94 95 -1.0
94 114 -0.5
95 96 0.5
95 115 0.5
96 97 0.75
96 116 1.0
97 98 -0.75
97 117 -0.75
98 99 -0.75
98 118 -0.25
99 100 -0.25
99 119 0.0
100 120 -0.5
101 102 0.25
101 121 -1.0
102 103 -0.75
102 122 0.25
103 104 0.25
103 123 1.0
104 105 -1.0
104 124 1.0
105 106 1.0
105 125 1.0
106 107 -0.75
106 126 -0.5
107 108 -0.5
107 127 -0.75
108 109 0.25
108 128 -0.75
109 110 0.0
109 129 0.75
110 111 1.0
110 130 -0.75
111 112 0.75
111 131 0.5
112 113 0.25
112 132 0.5
113 114 1.0
113 133 0.75
114 115 -0.5
114 134 0.25
115 116 -1.0
115 135 -0.5
116 117 -0.75
116 136 0.0
117 118 1.0
117 137 0.75
118 119 0.25
118 138 -1.0
119 120 -0.25
119 139 0.5
120 140 -0.75
121 122 0.75
121 141 -1.0
122 123 0.5
122 142 -1.0
123 124 -0.5
123 143 -0.5
124 125 -0.25
124 144 0.25
125 126 -0.25
125 145 0.25
126 127 1.0
126 146 -0.25
127 128 0.0
127 147 -0.25
128 129 0.25
128 148 -0.5
129 130 0.5
129 149 0.75
130 131 -0.75
130 150 -0.25
131 132 -1.0
131 151 -0.75
132 133 0.5
132 152 1.0
133 134 1.0
133 153 0.0
134 135 0.0
134 154 -0.5
135 136 1.0
135 155 0.0
136 137 -1.0
136 156 -0.5
137 138 1.0
137 157 0.5
138 139 0.75
138 158 1.0
139 140 -0.75
139 159 0.75
140 160 0.5
141 142 0.75
141 161 -0.75
142 143 -0.5
142 162 0.25
143 144 1.0
143 163 -0.25
144 145 -1.0
144 164 0.0
145 146 0.25
145 165 0.5
146 147 0.0
146 166 -0.25
147 148 0.75
147 167 -0.75
148 149 -1.0
148 168 -0.5
149 150 -0.25
149 169 1.0
150 151 -0.75
150 170 0.75
151 152 0.5
151 171 0.25
152 153 1.0
152 172 1.0
153 154 -1.0
153 173 -1.0
154 155 -1.0
154 174 -0.25
155 156 -0.5
155 175 -0.5
156 157 0.75
156 176 0.5
157 158 0.0
157 177 0.0
158 159 0.75
158 178 0.75
159 160 1.0
159 179 0.25
160 180 1.0
161 162 0.75
161 181 -0.5
162 163 -1.0
162 182 -1.0
163 164 -0.5
163 183 0.75
164 165 0.5
164 184 -0.5
165 166 1.0
165 185 -0.5
166 167 -1.0
166 186 -0.5
167 168 -0.25
167 187 1.0
168 169 -0.25
168 188 0.0
169 170 0.0
169 189 -0.75
170 171 -0.25
170 190 -1.0
171 172 0.5
171 191 0.75
172 173 1.0
172 192 -0.5
173 174 -0.75
173 193 1.0
174 175 0.75
174 194 0.75
175 176 0.5
175 195 0.25
176 177 -0.75
176 196 0.25
177 178 0.5
177 197 0.75
178 179 -0.25
178 198 0.75
179 180 0.25
179 199 0.25
180 200 1.0
181 182 0.75
181 201 0.75
182 183 0.25
182 202 0.75
183 184 -0.75
183 203 -1.0
184 185 -1.0
184 204 0.0
185 186 0.0
185 205 -0.5
186 187 0.5
186 206 0.75
187 188 -0.5
187 207 1.0
188 189 0.25
188 208 -0.75
189 190 -1.0
189 209 0.0
190 191 -0.25
190 210 0.0
191 192 -0.5
191 211 -0.5
192 193 -1.0
192 212 0.5
193 194 0.25
193 213 1.0
194 195 -0.75
194 214 0.0
195 196 -0.25
195 215 -0.75
196 197 1.0
196 216 0.25
197 198 0.0
197 217 -0.25
198 199 -0.25
198 218 0.5
199 200 -0.75
199 219 -0.25
200 220 -1.0
201 202 -1.0
201 221 0.75
202 203 -0.25
202 222 -0.25
203 204 0.25
203 223 -0.5
204 205 -0.5
204 224 0.0
205 206 -1.0
205 225 -0.25
206 207 -0.75
206 226 0.75
207 208 0.5
207 227 -1.0
208 209 1.0
208 228 -0.75
209 210 0.25
209 229 -0.75
210 211 0.5
210 230 -0.75
211 212 0.5
211 231 0.5
212 213 0.5
212 232 1.0
213 214 -0.5
213 233 0.25
214 215 -0.5
214 234 -1.0
215 216 -0.25
215 235 0.5
216 217 0.5
216 236 -0.25
217 218 -0.25
217 237 -0.5
218 219 0.25
218 238 0.0
219 220 0.5
219 239 -0.5
220 240 -1.0
221 222 0.5
221 241 0.75
222 223 -1.0
222 242 0.25
223 224 1.0
223 243 -0.25
224 225 -0.25
224 244 0.25
225 226 0.75
225 245 1.0
226 227 -1.0
226 246 0.5
227 228 1.0
227 247 0.0
228 229 -1.0
228 248 -0.5
229 230 -1.0
229 249 0.5
230 231 1.0
230 250 0.75
231 232 -0.5
231 251 0.5
232 233 0.75
232 252 0.75
233 234 -0.75
233 253 0.0
234 235 -0.75
234 254 0.0
235 236 1.0
235 255 -0.5
236 237 0.25
236 256 -1.0
237 238 -1.0
237 257 0.25
238 239 -0.75
238 258 -0.75
239 240 -0.5
239 259 -0.25
240 260 -1.0
241 242 -0.75
241 261 -1.0
242 243 0.75
242 262 0.75
243 244 1.0
243 263 -0.75
244 245 -0.25
244 264 -1.0
245 246 -1.0
245 265 0.0
246 247 -0.25
246 266 0.75
247 248 0.25
247 267 1.0
248 249 0.0
248 268 0.75
249 250 -1.0
249 269 0.5
250 251 0.75
250 270 -0.25
251 252 1.0
251 271 0.5
252 253 -0.5
252 272 0.75
253 254 0.5
253 273 -0.5
254 255 -0.25
254 274 0.25
255 256 -1.0
255 275 0.5
256 257 0.75
256 276 -0.75
257 258 0.75
257 277 0.75
258 259 1.0
258 278 0.25
259 260 0.0
259 279 0.75
260 280 -1.0
261 262 -1.0
261 281 -0.5
262 263 1.0
262 282 0.75
263 264 -0.25
263 283 -0.75
264 265 -1.0
264 284 0.75
265 266 -1.0
265 285 -0.25
266 267 0.0
266 286 -0.5
267 268 -0.25
267 287 -0.25
268 269 0.5
268 288 0.0
269 270 -0.5
269 289 1.0
270 271 0.75
270 290 1.0
271 272 -0.25
271 291 -0.5
272 273 -1.0
272 292 0.75
273 274 -0.5
273 293 0.25
274 275 -0.25
274 294 -0.75
275 276 0.75
275 295 -1.0
276 277 -0.75
276 296 0.5
277 278 -0.25
277 297 -0.75
278 279 -0.75
278 298 1.0
279 280 -1.0
279 299 0.25
280 300 -0.25
281 282 0.0
281 301 -0.25
282 283 -0.5
282 302 0.0
283 284 -0.25
283 303 -0.25
284 285 -0.25
284 304 -0.5
285 286 -0.5
285 305 0.25
286 287 -0.75
286 306 0.75
287 288 0.0
287 307 0.5
288 289 -0.5
288 308 0.5
289 290 -1.0
289 309 0.75
290 291 -1.0
290 310 0.25
291 292 -0.75
291 311 0.25
292 293 -1.0
292 312 1.0
293 294 -0.25
293 313 0.25
294 295 -0.75
294 314 1.0
295 296 0.0
295 315 -0.25
296 297 -0.5
296 316 0.5
297 298 1.0
297 317 -1.0
298 299 0.75
298 318 0.25
299 300 -0.5
299 319 0.25
300 320 -0.5
301 302 -0.75
301 321 0.5
302 303 -0.75
302 322 -0.5
303 304 0.75
303 323 0.5
304 305 -0.75
304 324 -1.0
305 306 0.75
305 325 1.0
306 307 0.25
306 326 0.25
307 308 -1.0
307 327 0.75
308 309 0.5
308 328 0.0
309 310 1.0
309 329 -0.5
310 311 -0.25
310 330 0.75
311 312 0.25
311 331 1.0
312 313 0.5
312 332 -0.5
313 314 0.0
313 333 -0.5
314 315 0.0
314 334 -0.5
315 316 1.0
315 335 0.75
316 317 -1.0
316 336 -1.0
317 318 0.75
317 337 0.5
318 319 0.0
318 338 -0.25
319 320 0.5
319 339 1.0
320 340 0.75
321 322 1.0
321 341 0.5
322 323 -0.25
322 342 1.0
323 324 -0.5
323 343 -0.25
324 325 0.5
324 344 -0.25
325 326 0.0
325 345 -0.25
326 327 0.25
326 346 0.0
327 328 1.0
327 347 -0.75
328 329 0.0
328 348 0.5
329 330 0.75
329 349 -1.0
330 331 1.0
330 350 -0.25
331 332 0.75
331 351 0.0
332 333 1.0
332 352 -0.25
333 334 0.5
333 353 0.25
334 335 0.0
334 354 -1.0
335 336 -1.0
335 355 -1.0
336 337 1.0
336 356 0.25
337 338 0.0
337 357 1.0
338 339 -0.5
338 358 -0.75
339 340 -0.5
339 359 -0.75
340 360 0.0
341 342 1.0
341 361 0.25
342 343 -0.5
342 362 0.75
343 344 1.0
343 363 0.25
344 345 0.5
344 364 -0.25
345 346 -0.25
345 365 -0.75
346 347 0.25
346 366 0.25
347 348 0.75
347 367 0.25
348 349 0.75
348 368 -0.25
349 350 0.25
349 369 -0.5
350 351 -1.0
350 370 0.0
351 352 -1.0
351 371 0.75
352 353 -0.5
352 372 0.5
353 354 -0.5
353 373 -0.75
354 355 0.25
354 374 0.25
355 356 0.25
355 375 0.0
356 357 -0.25
356 376 0.5
357 358 -1.0
357 377 -0.5
358 359 0.5
358 378 0.25
359 360 0.75
359 379 1.0
360 380 0.5
361 362 -0.75
361 381 -1.0
362 363 -0.25
362 382 -0.5
363 364 -0.75
363 383 0.5
364 365 -0.75
364 384 -0.75
365 366 -0.75
365 385 0.25
366 367 0.75
366 386 -0.5
367 368 -1.0
367 387 -0.5
368 369 0.0
368 388 0.5
369 370 -0.5
369 389 0.5
370 371 -0.5
370 390 -0.5
371 372 -0.5
371 391 1.0
372 373 0.0
372 392 0.25
373 374 1.0
373 393 -0.75
374 375 -0.75
374 394 0.5
375 376 0.75
375 395 -0.25
376 377 0.5
376 396 0.25
377 378 0.25
377 397 -0.5
378 379 0.0
378 398 0.5
379 380 0.5
379 399 0.5
380 400 0.5
381 382 -0.75
382 383 -1.0
383 384 -0.5
384 385 -0.25
385 386 0.5
386 387 0.25
387 388 -0.5
388 389 0.5
389 390 0.5
390 391 -0.75
391 392 0.75
392 393 1.0
393 394 0.75
394 395 -1.0
395 396 0.0
396 397 -1.0
397 398 0.75
398 399 -1.0
399 400 0.0
